66
112
157
192
227
263
296
331
367
404
441
478
515
552
589
626
664
702
740
777
814
851
886
921
951
984
1016
1046
1075
1104
1133
1160
1191
1219
1250
1283
1325
1372
1421
1471
1518
1567
1615
1665
1714
1764
1812
1861
1899
1934
1966
2003
2052
2096
2132
2167
2202
2236
2285
2333
2382
2432
2480
2527
2575
2623
2671
2720
2769
2817
2865
2914
2962
3011
3058
3106
3154
3201
3249
3297
3345
3392
3440
3489
3538
3587
3634
3684
3733
3779
3828
3876
3925
3966
4013
4060
4108
4156
4204
4246
4294
4342
4389
4436
4484
4532
4579
4617
4664
4705
4753
4799
4846
4892
4938
4983
5029
5077
5124
5170
5216
5263
5309
5357
5403
5449
5497
5543
5588
5623
5670
5719
5762
5808
5846
5891
5938
5984
6030
6075
6118
6157
6202
6246
6290
6334
6380
6425
6469
6512
6558
6603
6649
6693
6738
6783
6828
6871
6917
6962
7006
7050
7096
7135
7179
7224
7268
7306
7351
7395
7439
7484
7530
7575
7619
7665
7709
7752
7796
7842
7877
7921
7965
8001
8046
8089
8134
8175
8220
8265
8306
8347
8391
8432
8481
8523
8564
8606
8648
8689
8720
8760
8802
8840
8882
8923
8964
9006
9047
9089
9122
9165
9206
9248
9290
9331
9373
9414
9448
9488
9530
9571
9613
9654
9697
9738
9781
9823
9860
9889
9933
9975
10016
10059
10097
10138
10174
10211
10249
10292
10333
10376
10416
10447
10488
10530
10571
10612
10648
10691
10732
10774
10816
10858
10900
10941
10969
11002
11043
11084
11126
11155
11184
11225
11267
11307
11348
11389
11430
11471
11513
11554
11595
11636
11678
11720
11756
11797
11838
11879
11923
11963
12005
12042
12083
12126
12162
12198
12239
12280
12313
12356
12388
12421
12453
12494
12534
12565
12609
12643
12675
12703
12744
12785
12825
12858
12899
12940
12980
13021
13062
13102
13142
13183
13212
13253
13294
13335
13377
13417
13458
13498
13540
13580
13608
13649
13688
13729
13770
13811
13843
13885
13927
13968
13995
14037
14079
14122
14165
14206
14247
14288
14329
14366
14409
14450
14483
14525
14556
14589
14630
14659
14701
14728
14769
14811
14853
14878
14918
14959
15008
15050
15091
15133
15162
15204
15245
15286
15327
15367
15408
15450
15490
15531
15571
15602
15633
15669
15709
15741
15781
15821
15863
15904
15944
15983
16025
16068
16100
16140
16179
16212
16252
16285
16325
16366
16402
16442
16484
16524
16564
16597
16636
16675
16716
16747
16787
16827
16866
16906
16948
16988
17027
17069
17109
17148
17182
17224
17265
17305
17345
17385
17425
17465
17501
17543
17583
17623
17665
17706
17746
17787
17828
17868
17908
17949
17989
18031
18070
18110
18150
18189
18230
18259
18292
18333
18364
18404
18446
18487
18527
18567
18609
18649
18691
18732
18773
18814
18853
18888
18925
18966
19006
19048
19089
19129
19170
19211
19250
19290
19330
19370
19411
19451
19491
19532
19571
19611
19653
19697
19737
19778
19815
19858
19899
19940
19981
20022
20063
20103
20141
20181
20222
20261
20301
20341
20382
20424
20463
20505
20545
20585
20626
20666
20704
20744
20780
20821
20864
20905
20946
20987
21028
21063
21104
21144
21181
21222
21254
21294
21334
21369
21409
21449
21490
21530
21572
21612
21661
21709
21748
21789
21830
21871
21907
21946
21987
22028
22068
22105
22146
22187
22228
22269
22310
22348
22386
22425
22465
22505
22533
22575
22607
22647
22684
22725
22762
22802
22843
22883
22923
22964
23006
23046
23086
23126
23169
23211
23251
23292
23332
23373
23413
23454
23495
23535
23576
23617
23659
23699
23739
23780
23820
23862
23903
23939
23980
24021
24055
24096
24135
24167
24207
24248
24289
24331
24371
24412
24438
24478
24518
24558
24590
24631
24671
24712
24750
24788
24832
24873
24907
24948
24989
25030
25067
25108
25139
25181
25222
25263
25300
25340
25371
25412
25452
25492
25532
25558
25598
25631
25673
25714
25756
25795
25825
25866
25906
25947
25987
26027
26053
26093
26132
26157
26197
26238
26278
26310
26351
26381
26423
26465
26505
26545
26578
26621
26660
26699
26741
26781
26821
26863
26905
26944
26985
27026
27067
27108
27149
27190
27225
27265
27307
27348
27389
27430
27470
27512
27554
27595
27635
27676
27716
27756
27795
27836
27877
27918
27957
27999
28040
28062
28084
28107
28130
28150
28181
28228
28269
28309
28349
28390
28431
28471
28512
28553
28594
28634
28668
28708
28751
28792
28831
28872
28912
28953
28994
29033
29073
29112
29142
29182
29224
29266
29307
29339
29380
29423
29453
29491
29532
29571
29614
29656
29686
29716
29747
29785
29824
29866
29907
29947
29987
30030
30069
30102
30143
30185
30226
30266
30309
30339
30380
30421
30456
30487
30527
30568
30609
30649
30690
30731
30758
30799
30839
30880
30921
30957
30997
31038
31079
31120
31160
31202
31243
31283
31324
31366
31407
31448
31490
31531
31572
31612
31654
31694
31735
31776
31818
31859
31900
31940
31980
32022
32064
32105
32148
32188
32230
32271
32313
32354
32383
32413
32454
32493
32535
32575
32617
32657
32697
32737
32779
32821
32849
32886
32926
32963
33004
33041
33081
33107
33148
33179
33219
33260
33300
33341
33370
33402
33442
33477
33517
33558
33598
33639
33680
33722
33765
33805
33846
33873
33901
33941
33981
34019
34059
34099
34139
34179
34216
34256
34297
34337
34379
34419
34460
34493
34520
34554
34597
34632
34673
34708
34739
34781
34822
34866
34906
34947
34988
35030
35070
35112
35152
35193
35220
35262
35291
35331
35361
35401
35442
35474
35515
35555
35598
35633
35674
35701
35741
35783
35824
35855
35892
35934
35976
36008
36047
36089
36130
36171
36212
36253
36293
36334
36366
36409
36450
36491
36533
36574
36601
36637
36661
36689
36730
36760
36789
36829
36855
36895
36927
36953
36984
37026
37051
37093
37132
37166
37209
37250
37291
37334
37362
37392
37433
37472
37502
37536
37563
37594
37636
37666
37698
37739
37766
37796
37832
37876
37910
37951
37993
38033
38061
38095
38136
38177
38217
38259
38292
38316
38358
38381
38421
38450
38491
38534
38561
38599
38640
38670
38711
38745
38785
38826
38852
38883
38925
38952
38993
39030
39073
39114
39155
39197
39238
39279
39309
39349
39391
39419
39448
39489
39527
39567
39602
39642
39673
39713
39743
39768
39805
39835
39865
39891
39917
39950
39990
40027
40057
40095
40119
40161
40202
40242
40283
40325
40367
40399
40425
40458
40498
40538
40570
40609
40639
40680
40710
40750
40782
40824
40854
40898
40940
40978
41019
41055
41088
41120
41160
41189
41217
41259
41289
41330
41370
41407
41448
41488
41529
41569
41610
41651
41687
41727
41761
41790
41827
41856
41899
41933
41960
42001
42042
42082
42122
42164
42206
42239
42281
42319
42360
42386
42422
42463
42494
42520
42562
42602
42639
42679
42721
42762
42803
42844
42885
42927
42964
42991
43033
43061
43094
43134
43175
43216
43258
43297
43337
43370
43402
43430
43465
43493
43527
43570
43611
43653
43694
43724
43765
43802
43842
43884
43910
43952
43994
44025
44066
44099
44139
44167
44200
44233
44273
44316
44345
44377
44418
44444
44484
44511
44553
44594
44624
44658
44698
44729
44765
44792
44833
44873
44900
44934
44976
45011
45048
45088
45127
45165
45197
45237
45279
45321
45361
45402
45433
45474
45515
45555
45597
45638
45678
45712
45740
45780
45811
45852
45883
45924
45951
45980
46009
46043
46084
46124
46153
46195
46227
46269
46297
46338
46368
46404
46441
46483
46523
46556
46594
46624
46665
46706
46747
46788
46818
46859
46900
46932
46961
46989
47020
47062
47103
47129
47148
47168
47196
47225
47255
47294
47320
47361
47403
47443
47478
47512
47540
47580
47605
47640
47669
47698
47733
47764
47806
47847
47889
47925
47967
48006
48049
48081
48120
48161
48193
48220
48260
48300
48334
48375
48415
48456
48485
48525
48560
48593
48633
48665
48704
48747
48776
48804
48839
48880
48914
48948
48990
49033
49065
49106
49146
49188
49224
49256
49297
49331
49361
49395
49421
49461
49502
49542
49585
49625
49653
49694
49723
49763
49804
49846
49888
49930
49970
50010
50044
50084
50127
50168
50207
50233
50267
50302
50342
50372
50405
50444
50485
50516
50545
50574
50615
50656
50692
50721
50761
50792
50827
50866
50898
50940
50978
51009
51035
51064
51098
51139
51173
51213
51246
51273
51315
51343
51375
51406
51450
51487
51518
51551
51579
51619
51647
51689
51721
51763
51792
51833
51861
51903
51942
51984
52015
52055
52097
52140
52173
52207
52247
52275
52317
52357
52388
52429
52470
52512
52550
52590
52620
52650
52677
52718
52747
52790
52829
52869
52909
52949
52990
53023
53066
53107
53147
53188
53230
53259
53292
53334
53383
53428
53461
53505
53548
53588
53618
53655
53695
53735
53769
53810
53844
53886
53925
53965
54007
54044
54086
54126
54167
54197
54224
54254
54295
54329
54370
54398
54425
54453
54482
54509
54550
54593
54617
54658
54695
54735
54776
54817
54859
54894
54936
54964
54991
55032
55065
55109
55150
55176
55206
55246
55287
55327
55367
55408
55445
55474
55506
55548
55589
55631
55672
55709
55751
55792
55832
55866
55907
55940
55981
56011
56053
56097
56129
56170
56212
56246
56288
56321
56359
56399
56440
56474
56501
56542
56583
56623
56665
56698
56740
56769
56804
56843
56885
56925
56966
57006
57047
57088
57129
57169
57211
57248
57285
57327
57360
57395
57437
57479
57519
57560
57601
57644
57677
57712
57754
57783
57825
57866
57904
57945
57971
58013
58054
58089
58117
58148
58188
58231
58261
58305
58341
58376
58400
58441
58468
58496
58526
58558
58598
58624
58665
58708
58734
58776
58810
58851
58877
58909
58935
58976
59016
59047
59088
59129
59170
59196
59229
59265
59300
59334
59367
59403
59443
59482
59509
59550
59580
59623
59672
59701
59743
59783
59826
59857
59886
59922
59950
59991
60033
60076
60117
60159
60187
60229
60269
60312
60353
60395
60436
60477
60519
60560
60602
60643
60674
60704
60746
60788
60830
60872
60914
60957
60994
61036
61079
61109
61150
61193
61234
61274
61315
61358
61400
61442
61484
61527
61569
61604
61641
61683
61724
61767
61808
61848
61885
61926
61963
62005
62047
62088
62131
62172
62213
62256
62285
62326
62368
62393
62434
62468
62510
62540
62583
62613
62655
62697
62730
62772
62813
62856
62898
62938
62964
62994
63028
63058
63101
63142
63179
63220
63249
63285
63326
63368
63410
63446
63487
63530
63567
63609
63651
63693
63733
63775
63817
63859
63899
63940
63982
64025
64055
64088
64129
64169
64210
64251
64291
64332
64373
64408
64450
64478
64511
64552
64596
64638
64679
64719
64760
64801
64843
64884
64925
64957
64998
65040
65080
65110
65151
65193
65234
65275
65316
65357
65392
65423
65459
65501
65542
65585
65625
65668
65707
65748
65789
65831
65872
65914
65956
65997
66039
66081
66123
66153
66190
66231
66267
66317
66363
66406
66448
66490
66531
66561
66602
66645
66686
66727
66769
66795
66835
66877
66919
66960
67000
67035
67076
67118
67160
67201
67241
67284
67325
67365
67408
67450
67493
67518
67546
67586
67627
67660
67702
67743
67784
67825
67867
67910
67941
67973
68016
68057
68098
68140
68182
68223
68263
68291
68319
68361
68393
68435
68475
68515
68543
68583
68625
68668
68710
68751
68791
68832
68875
68912
68939
68969
69012
69046
69088
69130
69172
69214
69255
69297
69339
69380
69408
69442
69484
69522
69563
69593
69635
69676
69707
69749
69792
69833
69863
69906
69948
69976
70018
70059
70087
70119
70161
70203
70246
70287
70329
70370
70412
70443
70483
70524
70566
70596
70638
70679
70720
70762
70803
70841
70883
70924
70966
71009
71051
71093
71126
71167
71208
71250
71291
71332
71362
71405
71441
71484
71510
71551
71589
71631
71667
71709
71750
71793
71834
71875
71917
71960
72001
72038
72081
72123
72165
72206
72250
72279
72320
72362
72397
72438
72480
72522
72564
72607
72641
72683
72725
72755
72797
72839
72883
72925
72967
73009
73052
73096
73138
73188
73236
73269
73312
73355
73384
73427
73471
73513
73543
73586
73628
73671
73706
73749
73792
73823
73865
73907
73936
73976
74019
74062
74104
74145
74189
74233
74277
74320
74363
74406
74450
74483
74520
74565
74606
74650
74693
74725
74770
74812
74846
74881
74924
74955
74997
75035
75064
75106
75136
75178
75222
75262
75305
75348
75383
75420
75451
75493
75523
75565
75609
75651
75693
75737
75779
75822
75865
75907
75951
75995
76037
76080
76108
76146
76181
76223
76258
76301
76332
76371
76413
76457
76500
76542
76581
76625
76668
76700
76738
76770
76813
76856
76897
76935
76979
77018
77061
77089
77132
77174
77210
77255
77297
77330
77357
77400
77443
77485
77529
77565
77596
77635
77673
77715
77752
77785
77818
77861
77904
77933
77972
78013
78055
78098
78140
78183
78212
78244
78287
78332
78366
78400
78442
78485
78529
78572
78610
78654
78696
78739
78782
78824
78867
78910
78940
78980
79023
79066
79104
79134
79170
79200
79244
79287
79330
79373
79416
79458
79487
79530
79574
79616
79646
79688
79718
79760
79804
79847
79889
79922
79965
80009
80061
80108
80146
80188
80230
80272
80313
80356
80398
80441
80485
80520
80551
80594
80636
80680
80723
80765
80807
80850
80893
80923
80965
81009
81052
81095
81138
81180
81223
81266
81309
81352
81394
81437
81479
81515
81557
81595
81637
81680
81724
81766
81809
81852
81895
81937
81978
82020
82058
82099
82140
82175
82218
82258
82301
82344
82386
82428
82470
82513
82556
82598
82640
82683
82724
82767
82810
82852
82893
82936
82978
83021
83063
83105
83147
83191
83235
83277
83320
83364
83405
83447
83488
83530
83572
83615
83658
83701
83743
83786
83828
83871
83913
83954
83996
84038
84081
84123
84165
84207
84249
84290
84331
84372
84414
84457
84500
84540
84582
84624
84666
84710
84751
84793
84834
84875
84917
84959
85000
85041
85085
85127
85167
85209
85250
85292
85332
85373
85413
85455
85496
85537
85579
85620
85661
85702
85744
85786
85827
85868
85910
85951
85993
86035
86076
86116
86157
86199
86240
86281
86321
86362
86403
86445
86486
86526
86567
86608
86649
86690
86731
86771
86811
86851
86892
86933
86975
87016
87058
87100
87141
87181
87222
87265
87306
87347
87396
87441
87483
87523
87564
87605
87646
87686
87726
87767
87808
87849
87890
87931
87974
88015
88056
88097
88139
88180
88220
88261
88302
88343
88384
88425
88466
88507
88548
88588
88629
88670
88712
88753
88792
88833
88874
88916
88957
88998
89040
89081
89121
89163
89203
89244
89285
89327
89369
89410
89452
89494
89535
89576
89617
89658
89699
89740
89782
89824
89865
89906
89947
89987
90029
90069
90111
90152
90192
90234
90275
90316
90358
90399
90442
90484
90525
90566
90607
90648
90689
90730
90771
90812
90854
90895
90936
90978
91020
91062
91103
91144
91185
91227
91268
91309
91350
91391
91433
91475
91517
91558
91596
91638
91679
91721
91763
91804
91845
91888
91929
91970
92014
92055
92096
92138
92179
92221
92263
92305
92347
92389
92430
92473
92515
92557
92600
92640
92683
92725
92766
92807
92850
92891
92933
92976
93018
93060
93093
93134
93176
93218
93259
93301
93343
93385
93427
93469
93511
93554
93598
93640
93682
93723
93765
93807
93849
93889
93931
93974
94015
94058
94100
94143
94186
94229
94271
94314
94357
94399
94440
94483
94525
94559
94601
94643
94685
94727
94768
94809
94852
94902
94949
94979
95021
95064
95106
95143
95184
95226
95268
95310
95352
95395
95437
95479
95522
95566
95608
95650
95690
95732
95773
95815
95858
95900
95942
95984
96026
96068
96110
96145
96188
96231
96273
96315
96357
96395
96438
96480
96515
96542
96584
96619
96662
96700
96726
96769
96812
96856
96900
96943
96987
97017
97049
97094
97136
97179
97222
97264
97306
97342
97384
97426
97466
97499
97541
97584
97621
97664
97706
97748
97791
97832
97875
97916
97958
98002
98042
98085
98128
98170
98208
98251
98292
98333
98376
98417
98461
98507
98550
98594
98635
98678
98720
98761
98804
98848
98890
98931
98974
99018
99054
99095
99138
99183
99224
99268
99308
99350
99385
99428
99470
99514
99555
99596
99638
99679
99720
99762
99803
99844
99886
99926
99967
100009
100049
100090
100131
100172
100213
100252
100294
100336
100378
100418
100460
100491
100533
100573
100614
100656
100698
100739
100779
100820
100860
100900
100941
100984
101026
101067
101107
101149
101188
101230
101269
101311
101352
101394
101434
101475
101517
101557
101599
101641
101681
101722
101764
101806
101849
101890
101931
101971
102013
102052
102072
102095
102127
102165
102202
102244
102286
102326
102367
102408
102441
102482
102523
102563
102605
102645
102686
102727
102768
102809
102850
102891
102933
102973
103014
103055
103095
103137
103179
103219
103259
103300
103341
103370
103412
103453
103493
103533
103573
103614
103654
103695
103736
103777
103818
103859
103900
103940
103980
104020
104062
104101
104141
104181
104221
104262
104302
104341
104381
104422
104462
104502
104542
104583
104622
104662
104703
104743
104783
104823
104863
104903
104943
104983
105024
105063
105104
105144
105186
105226
105267
105308
105349
105390
105430
105471
105512
105551
105592
105632
105673
105713
105753
105794
105833
105872
105912
105951
105991
106031
106070
106111
106151
106190
106230
106269
106309
106349
106389
106428
106468
106507
106547
106588
106627
106667
106707
106747
106786
106826
106866
106907
106947
106987
107026
107066
107107
107146
107187
107227
107267
107308
107348
107388
107428
107469
107509
107549
107589
107627
107667
107706
107747
107786
107827
107866
107906
107946
107987
108028
108069
108108
108148
108187
108227
108266
108306
108346
108387
108426
108467
108507
108547
108588
108627
108667
108707
108748
108787
108829
108871
108911
108952
108994
109035
109072
109112
109152
109195
109236
109276
109318
109358
109407
109453
109494
109534
109575
109615
109655
109695
109736
109776
109817
109857
109898
109939
109980
110021
110061
110102
110142
110181
110221
110262
110303
110343
110385
110426
110468
110507
110547
110587
110628
110669
110709
110750
110790
110831
110870
110912
110951
110991
111032
111073
111113
111153
111192
111233
111273
111315
111356
111396
111437
111478
111518
111559
111600
111641
111682
111723
111764
111805
111845
111886
111926
111957
111998
112041
112082
112122
112163
112203
112246
112287
112327
112367
112410
112451
112493
112533
112575
112616
112656
112698
112739
112779
112821
112863
112905
112946
112988
113028
113070
113112
113153
113195
113235
113276
113317
113358
113399
113441
113482
113523
113564
113605
113647
113688
113730
113772
113814
113854
113895
113936
113979
114020
114062
114105
114146
114188
114229
114271
114313
114354
114396
114437
114471
114513
114554
114594
114629
114671
114714
114755
114796
114837
114880
114922
114963
115003
115045
115087
115129
115171
115213
115255
115297
115339
115381
115418
115460
115503
115544
115585
115628
115666
115709
115751
115793
115833
115864
115905
115944
115985
116027
116070
116098
116141
116183
116227
116270
116312
116356
116397
116439
116482
116512
116554
116596
116633
116661
116688
116730
116757
116795
116839
116888
116936
116979
117020
117063
117103
117146
117181
117212
117254
117296
117336
117378
117420
117463
117506
117546
117589
117630
117669
117711
117754
117796
117839
117881
117925
117966
118008
118038
118080
118122
118164
118195
118238
118272
118314
118355
118397
118439
118482
118524
118566
118609
118651
118693
118727
118768
118811
118851
118893
118934
118977
119019
119062
119103
119144
119185
119227
119268
119308
119351
119394
119435
119476
119518
119559
119601
119641
119683
119718
119758
119801
119844
119884
119926
119969
120010
120052
120091
120130
120170
120211
120254
120297
120339
120382
120424
120460
120502
120543
120583
120624
120665
120707
120749
120791
120833
120872
120912
120952
120994
121035
121078
121117
121157
121198
121238
121281
121321
121362
121403
121444
121483
121523
121566
121606
121646
121686
121727
121769
121811
121851
121891
121932
121972
122012
122052
122092
122132
122172
122212
122253
122293
122335
122374
122417
122458
122499
122541
122581
122620
122660
122702
122743
122783
122823
122865
122905
122944
122985
123025
123066
123106
123146
123188
123229
123269
123310
123350
123392
123434
123468
123510
123552
123593
123633
123675
123716
123756
123796
123837
123879
123919
123960
124000
124041
124066
124088
124135
124166
124205
124247
124290
124330
124371
124397
124438
124467
124508
124550
124593
124637
124679
124720
124761
124802
124843
124885
124926
124955
124997
125037
125079
125120
125160
125200
125242
125282
125322
125363
125403
125444
125485
125525
125569
125611
125651
125692
125733
125775
125816
125858
125899
125941
125983
126023
126049
126074
126096
126137
126167
126209
126253
126277
126317
126357
126387
126428
126469
126511
126552
126574
126607
126650
126693
126716
126758
126798
126840
126867
126901
126943
126984
127024
127065
127108
127140
127182
127214
127256
127297
127325
127366
127409
127450
127479
127505
127546
127579
127620
127664
127706
127750
127791
127832
127876
127915
127960
128001
128033
128076
128118
128152
128196
128237
128281
128322
128365
128406
128447
128487
128528
128571
128612
128654
128695
128737
128770
128810
128851
128892
128933
128975
129016
129057
129097
129139
129180
129222
129262
129303
129345
129386
129427
129468
129509
129549
129590
129630
129671
129712
129753
129794
129835
129876
129916
129958
129999
130039
130080
130121
130161
130202
130242
130283
130324
130366
130407
130448
130489
130530
130571
130612
130654
130695
130736
130779
130820
130863
130905
130946
130986
131028
131069
131109
131152
131193
131235
131276
131318
131361
131402
131444
131485
131527
131568
131610
131651
131694
131737
131781
131822
131864
131906
131948
131990
132032
132075
132116
132157
132199
132248
132294
132335
132378
132418
132460
132502
132544
132586
132627
132668
132709
132752
132795
132836
132878
132919
132960
133002
133044
133085
133127
133169
133210
133252
133293
133335
133376
133418
133459
133500
133542
133583
133625
133667
133709
133751
133793
133835
133877
133919
133960
134003
134045
134086
134127
134169
134210
134252
134293
134334
134376
134418
134459
134502
134544
134585
134627
134671
134712
134754
134796
134837
134879
134921
134954
134995
135037
135079
135121
135162
135205
135246
135288
135329
135371
135413
135455
135497
135538
135580
135621
135663
135705
135746
135788
135830
135873
135914
135957
135999
136041
136084
136126
136168
136210
136252
136297
136338
136379
136422
136464
136505
136547
136589
136631
136674
136712
136753
136795
136836
136878
136914
136956
136998
137039
137081
137127
137168
137211
137253
137296
137337
137379
137425
137467
137509
137551
137593
137632
137675
137707
137741
137784
137827
137868
137910
137951
137995
138036
138078
138119
138161
138202
138245
138287
138320
138363
138399
138440
138481
138524
138566
138609
138651
138690
138732
138775
138809
138851
138894
138934
138977
139019
139060
139090
139132
139174
139216
139257
139301
139344
139386
139422
139464
139506
139547
139589
139631
139673
139716
139759
139802
139854
139901
139944
139985
140027
140070
140103
140146
140182
140225
140267
140310
140353
140395
140436
140478
140520
140563
140604
140648
140687
140729
140772
140815
140856
140895
140936
140977
141022
141062
141101
141144
141186
141227
141269
141307
141350
141392
141435
141477
141520
141562
141604
141647
141690
141733
141776
141817
141861
141903
141947
141991
142034
142079
142113
142146
142188
142216
142248
142282
142320
142363
142404
142446
142490
142532
142574
142617
142659
142701
142744
142786
142828
142871
142907
142950
142992
143035
143078
143121
143163
143206
143249
143292
143335
143379
143423
143466
143508
143550
143593
143635
143677
143720
143762
143805
143846
143890
143932
143974
144017
144059
144100
144143
144184
144226
144267
144310
144351
144394
144436
144478
144520
144562
144603
144645
144686
144726
144769
144811
144854
144895
144936
144978
145020
145063
145104
145145
145186
145227
145269
145312
145354
145396
145438
145481
145523
145565
145607
145648
145691
145733
145776
145818
145859
145901
145942
145985
146026
146068
146110
146152
146194
146236
146279
146321
146363
146404
146446
146488
146531
146573
146614
146656
146698
146739
146780
146822
146864
146908
146951
146994
147037
147080
147122
147164
147207
147249
147290
147333
147383
147430
147471
147512
147554
147595
147638
147679
147719
147761
147804
147845
147886
147927
147967
148008
148050
148092
148134
148175
148216
148257
148299
148339
148381
148422
148463
148504
148545
148586
148628
148669
148711
148752
148793
148835
148877
148918
148959
148999
149040
149081
149122
149164
149205
149248
149289
149331
149371
149413
149453
149495
149537
149578
149620
149662
149704
149746
149788
149830
149871
149912
149953
149995
150037
150078
150119
150160
150201
150243
150284
150326
150368
150409
150451
150492
150532
150574
150614
150655
150697
150739
150780
150821
150862
150904
150946
150988
151030
151070
151112
151154
151195
151236
151278
151320
151362
151405
151447
151488
151531
151572
151614
151655
151697
151739
151782
151823
151864
151905
151947
151990
152032
152074
152116
152159
152201
152241
152284
152326
152367
152410
152452
152495
152538
152583
152626
152667
152709
152751
152793
152836
152878
152919
152962
153004
153047
153090
153134
153177
153219
153261
153304
153346
153390
153432
153475
153517
153561
153604
153646
153690
153732
153776
153819
153863
153906
153949
153992
154035
154076
154120
154163
154206
154248
154293
154337
154381
154423
154467
154512
154554
154598
154641
154685
154728
154771
154813
154856
154899
154943
154982
155026
155069
155113
155156
155199
155244
155286
155336
155385
155429
155472
155515
155555
155598
155641
155683
155726
155768
155811
155854
155896
155939
155982
156025
156068
156111
156154
156197
156240
156283
156325
156369
156412
156456
156499
156543
156585
156629
156673
156715
156758
156801
156844
156887
156930
156972
157014
157058
157100
157143
157187
157231
157274
157317
157360
157403
157445
157489
157532
157575
157619
157661
157704
157748
157790
157834
157877
157919
157961
158001
158045
158088
158133
158178
158222
158265
158309
158352
158396
158439
158482
158526
158569
158612
158655
158698
158742
