55
100
137
173
213
252
293
333
374
415
457
498
539
580
620
660
699
738
771
807
839
875
913
950
984
1020
1052
1080
1110
1139
1171
1199
1230
1260
1303
1358
1392
1447
1500
1553
1606
1658
1711
1763
1815
1867
1919
1970
2023
2074
2125
2177
2229
2281
2332
2383
2434
2485
2537
2589
2640
2691
2741
2792
2843
2894
2944
2996
3047
3097
3148
3199
3249
3299
3349
3400
3450
3499
3549
3599
3648
3698
3747
3797
3847
3897
3946
3994
4043
4093
4141
4190
4238
4287
4336
4384
4432
4481
4529
4578
4627
4676
4725
4774
4823
4871
4919
4967
5015
5062
5111
5160
5207
5255
5304
5352
5401
5449
5497
5545
5593
5641
5689
5737
5786
5835
5884
5931
5980
6027
6074
6123
6170
6217
6265
6312
6360
6407
6454
6501
6549
6596
6643
6689
6737
6784
6831
6878
6925
6971
7017
7063
7110
7157
7203
7249
7296
7342
7389
7436
7483
7530
7577
7624
7673
7720
7767
7814
7861
7907
7954
8002
8049
8096
8142
8189
8236
8283
8330
8378
8427
8473
8520
8566
8613
8661
8708
8754
8801
8848
8894
8941
8989
9038
9086
9143
9207
9253
9298
9345
9393
9439
9486
9533
9579
9626
9673
9720
9767
9814
9860
9907
9953
10000
10046
10092
10140
10188
10236
10282
10329
10375
10422
10468
10515
10561
10606
10652
10691
10737
10783
10829
10876
10922
10969
11016
11063
11110
11156
11202
11248
11293
11339
11385
11431
11478
11525
11570
11615
11662
11707
11753
11798
11845
11891
11937
11982
12029
12076
12122
12168
12214
12260
12306
12352
12397
12443
12489
12536
12582
12628
12675
12721
12767
12814
12860
12906
12952
12998
13044
13090
13136
13184
13229
13275
13322
13370
13416
13463
13509
13554
13602
13647
13695
13741
13787
13833
13880
13926
13973
14019
14067
14113
14159
14205
14252
14300
14348
14394
14440
14486
14537
14579
14625
14673
14721
14768
14815
14861
14908
14955
15001
15049
15096
15143
15189
15232
15278
15324
15371
15418
15465
15511
15556
15602
15650
15697
15744
15791
15838
15884
15932
15979
16025
16073
16121
16167
16213
16259
16306
16349
16395
16441
16487
16533
16579
16625
16672
16718
16764
16812
16859
16902
16948
16994
17040
17099
17161
17208
17254
17300
17346
17392
17438
17484
17530
17576
17622
17668
17714
17761
17806
17852
17899
17944
17990
18038
18084
18130
18176
18223
18269
18315
18360
18407
18454
18501
18546
18592
18638
18684
18729
18775
18820
18866
18913
18958
19005
19052
19097
19143
19189
19235
19282
19329
19375
19421
19467
19512
19559
19605
19651
19696
19742
19788
19834
19879
19925
19970
20015
20061
20106
20152
20198
20244
20290
20336
20382
20428
20473
20518
20563
20610
20655
20701
20746
20793
20838
20885
20930
20976
21023
21068
21113
21159
21204
21250
21295
21341
21388
21434
21480
21520
21566
21612
21657
21701
21747
21792
21840
21886
21930
21975
22021
22066
22111
22155
22200
22245
22292
22338
22383
22429
22475
22521
22567
22613
22658
22703
22749
22794
22839
22887
22933
22979
23024
23069
23114
23161
23206
23251
23296
23340
23386
23431
23477
23522
23568
23614
23659
23705
23751
23797
23841
23889
23935
23980
24026
24072
24119
24165
24212
24258
24304
24349
24394
24440
24485
24529
24573
24619
24664
24709
24755
24800
24846
24891
24936
24992
25050
25095
25140
25187
25232
25278
25324
25370
25415
25461
25506
25552
25597
25642
25688
25735
25780
25825
25870
25917
25962
26009
26054
26100
26144
26190
26235
26280
26325
26370
26415
26461
26506
26551
26597
26642
26688
26734
26778
26824
26869
26914
26959
27004
27049
27095
27140
27185
27229
27275
27320
27365
27411
27457
27503
27549
27595
27640
27685
27731
27778
27823
27869
27915
27960
28006
28051
28096
28142
28188
28233
28279
28324
28368
28414
28458
28504
28549
28595
28642
28687
28733
28778
28823
28869
28915
28960
29006
29051
29096
29142
29189
29235
29283
29329
29375
29420
29467
29512
29557
29602
29646
29691
29737
29783
29830
29875
29921
29967
30014
30059
30105
30150
30195
30240
30285
30331
30376
30422
30468
30514
30560
30606
30651
30696
30741
30787
30832
30879
30923
30969
31015
31061
31106
31152
31198
31243
31288
31332
31377
31422
31468
31513
31559
31604
31650
31695
31742
31787
31832
31877
31922
31968
32014
32060
32105
32151
32197
32242
32288
32333
32378
32424
32469
32513
32559
32606
32652
32697
32732
32778
32823
32868
32914
32959
33005
33052
33098
33141
33198
33256
33302
33348
33393
33438
33484
33529
33573
33619
33664
33709
33755
33792
33838
33884
33931
33977
34025
34072
34118
34164
34209
34256
34301
34348
34395
34441
34487
34535
34581
34627
34673
34720
34767
34813
34860
34907
34953
35000
35045
35091
35138
35184
35230
35277
35323
35370
35417
35464
35510
35557
35603
35651
35691
35738
35784
35818
35865
35908
35954
35999
36044
36089
36135
36179
36225
36271
36317
36364
36411
36444
36490
36535
36571
36618
36664
36703
36748
36795
36842
36888
36934
36980
37027
37073
37120
37167
37202
37249
37296
37341
37389
37435
37481
37527
37574
37621
37667
37714
37761
37807
37843
37889
37935
37979
38027
38072
38119
38165
38210
38258
38304
38350
38397
38442
38490
38536
38573
38612
38659
38704
38751
38799
38846
38893
38940
38986
39033
39079
39126
39158
39193
39240
39287
39334
39376
39424
39471
39513
39560
39610
39657
39703
39751
39797
39843
39891
39931
39966
40014
40060
40106
40153
40200
40246
40287
40333
40380
40427
40474
40520
40566
40613
40660
40707
40754
40799
40846
40892
40938
40984
41023
41070
41118
41164
41209
41256
41313
41371
41418
41465
41512
41558
41604
41651
41697
41743
41791
41838
41885
41932
41979
42024
42070
42115
42161
42206
42252
42297
42343
42390
42436
42481
42527
42573
42618
42663
42710
42755
42799
42847
42893
42940
42985
43030
43077
43123
43169
43215
43261
43307
43353
43399
43445
43491
43538
43583
43630
43676
43721
43767
43813
43858
43904
43950
43995
44042
44087
44133
44178
44223
44269
44315
44363
44409
44455
44501
44547
44591
44638
44684
44730
44776
44822
44867
44913
44959
45005
45050
45096
45140
45185
45231
45276
45321
45366
45412
45457
45504
45548
45593
45638
45684
45730
45774
45818
45863
45909
45954
46000
46046
46091
46137
46183
46228
46275
46320
46366
46412
46458
46504
46550
46595
46641
46687
46732
46776
46822
46867
46911
46957
47003
47048
47094
47139
47183
47228
47273
47319
47363
47409
47455
47501
47546
47591
47637
47683
47729
47776
47820
47866
47911
47956
48001
48046
48091
48136
48181
48226
48272
48318
48366
48412
48458
48502
48547
48593
48639
48684
48731
48777
48822
48868
48914
48959
49004
49049
49094
49140
49186
49231
49277
49322
49378
49436
49482
49527
49572
49617
49662
49708
49753
49797
49843
49888
49933
49979
50025
50070
50116
50160
50205
50250
50295
50339
50384
50429
50474
50519
50564
50608
50653
50697
50742
50787
50832
50877
50922
50967
51012
51057
51102
51146
51192
51237
51281
51325
51370
51415
51459
51504
51549
51594
51639
51684
51728
51772
51817
51862
51908
51955
51999
52044
52090
52136
52181
52226
52271
52317
52362
52407
52451
52496
52541
52585
52630
52674
52720
52764
52809
52854
52899
52943
52989
53033
53078
53123
53169
53214
53259
53304
53350
53395
53438
53483
53528
53572
53617
53662
53707
53751
53797
53841
53886
53931
53976
54021
54066
54110
54155
54200
54246
54291
54336
54382
54427
54471
54517
54561
54607
54652
54697
54742
54787
54833
54878
54924
54969
55015
55061
55106
55151
55197
55242
55287
55333
55378
55422
55468
55516
55562
55606
55653
55698
55745
55790
55838
55884
55929
55975
56020
56066
56110
56156
56201
56246
56292
56339
56384
56429
56474
56519
56564
56610
56655
56702
56746
56791
56838
56884
56929
56975
57020
57066
57111
57158
57203
57249
57295
57341
57386
57432
57477
57524
57569
57626
57683
57728
57773
57818
57863
57909
57955
58001
58046
58092
58138
58184
58229
58274
58320
58365
58411
58456
58502
58547
58594
58640
58685
58731
58778
58824
58868
58915
58961
59007
59054
59099
59146
59192
59239
59286
59334
59382
59429
59475
59523
59569
59617
59663
59710
59757
59804
59851
59898
59942
59988
60029
60075
60115
60161
60208
60254
60301
60345
60393
60441
60489
60536
60581
60627
60675
60704
60750
60790
60837
60882
60931
60977
61023
61071
61118
61164
61211
61259
61307
61340
61387
61429
61476
61523
61571
61600
61648
61699
61731
61764
61800
61827
61853
61884
61911
61938
61966
61989
62018
62046
62077
62106
62132
62159
62186
62211
62239
62265
62293
62320
62348
62374
62402
62431
62460
62487
62513
62540
62569
62597
62633
62661
62690
62715
62742
62776
62825
62850
62883
62914
62962
63007
63038
63087
63117
63146
63175
63213
63241
63268
63298
63339
63370
63418
63469
63494
63521
63551
63578
63603
63628
63654
63682
63707
63735
63760
63790
63817
63841
63867
63917
63943
63994
64021
64055
64091
64135
64170
64197
64245
64278
64325
64355
64403
64447
64494
64543
64589
64637
64684
64731
64777
64823
64869
64915
64961
65006
65052
65099
65145
65191
65236
65293
65352
65397
65442
65488
65534
65581
65627
65673
65719
65764
65809
65854
65899
65945
65991
66037
66082
66128
66176
66221
66267
66314
66359
66407
66452
66499
66543
66588
66633
66680
66725
66770
66817
66863
66908
66953
66998
67043
67088
67132
67179
67225
67271
67316
67362
67408
67453
67499
67543
67588
67633
67679
67724
67769
67814
67860
67904
67950
67994
68040
68086
68131
68175
68222
68266
68312
68358
68404
68449
68495
68539
68583
68628
68673
68718
68762
68808
68853
68897
68942
68986
69031
69076
69121
69165
69210
69254
69299
69344
69388
69433
69478
69525
69570
69615
69661
69706
69751
69796
69841
69886
69932
69977
70023
70068
70114
70161
70206
70251
70296
70341
70386
70432
70477
70523
70568
70612
70657
70701
70747
70792
70838
70882
70928
70974
71020
71064
71110
71154
71200
71246
71292
71327
71372
71420
71466
71512
71541
71588
71634
71667
71706
71752
71798
71844
71893
71929
71976
72024
72072
72119
72160
72206
72251
72297
72341
72387
72432
72478
72522
72568
72614
72658
72703
72749
72795
72840
72885
72932
72976
73021
73065
73110
73156
73201
73247
73291
73338
73384
73429
73474
73520
73566
73611
73666
73724
73769
73814
73858
73903
73949
73994
74038
74084
74128
74173
74218
74262
74305
74350
74395
74440
74484
74528
74573
74618
74662
74707
74751
74797
74842
74887
74933
74978
75023
75068
75112
75157
75201
75246
75290
75334
75379
75423
75468
75513
75557
75602
75645
75690
75735
75781
75826
75870
75916
75961
76006
76050
76095
76142
76186
76231
76276
76320
76365
76410
76455
76500
76546
76591
76637
76682
76726
76771
76816
76861
76905
76950
76995
77039
77085
77131
77176
77220
77265
77312
77358
77402
77448
77493
77537
77581
77626
77671
77716
77761
77805
77849
77893
77938
77983
78028
78071
78116
78160
78205
78251
78296
78343
78387
78433
78478
78522
78566
78611
78656
78703
78748
78793
78837
78882
78928
78973
79016
79061
79107
79152
79196
79241
79285
79332
79378
79422
79467
79512
79556
79601
79645
79690
79735
79782
79826
79870
79915
79960
80005
80051
80095
80142
80187
80233
80276
80322
80365
80411
80454
80498
80543
80590
80636
80680
80725
80770
80815
80860
80905
80949
80995
81041
81087
81133
81177
81222
81267
81312
81356
81403
81448
81492
81538
81583
81628
81673
81719
81766
81812
81857
81901
81946
81991
82038
82093
82151
82196
82242
82287
82333
82379
82418
82463
82508
82555
82600
82646
82690
82735
82782
82828
82873
82918
82962
83007
83053
83098
83144
83190
83235
83281
83326
83372
83419
83464
83509
83555
83600
83645
83691
83736
83783
83827
83874
83919
83965
84012
84058
84104
84149
84194
84240
84286
84333
84378
84424
84470
84516
84560
84605
84638
84684
84731
84776
84822
84870
84917
84963
85008
85053
85100
85146
85193
85239
85285
85331
85377
85425
85472
85520
85566
85611
85657
85701
85747
85793
85839
85886
85931
85977
86023
86069
86115
86161
86207
86253
86298
86344
86391
86439
86485
86533
86579
86624
86670
86716
86763
86805
86850
86895
86941
86980
87027
87073
87117
87164
87212
87258
87305
87350
87396
87442
87489
87533
87577
87623
87670
87716
87762
87810
87856
87903
87949
87995
88041
88089
88135
88163
88208
88249
88294
88340
88386
88436
88470
88517
88545
88579
88609
88642
88691
88725
88775
88805
88852
88881
88912
88940
88969
89002
89054
89082
89131
89160
89198
89225
89264
89292
89321
89360
89408
89437
89482
89523
89572
89606
89634
89667
89694
89733
89761
89808
89836
89861
89888
89940
89989
90012
90040
90066
90098
90124
90152
90177
90200
90230
90256
90281
90306
90334
90367
90411
90458
90506
90552
90599
90646
90692
90727
90776
90814
90861
90908
90935
90982
91030
91062
91095
91139
91176
91226
91253
91288
91328
91362
91408
91445
91492
91527
91573
91619
91667
91713
91756
91802
91846
91891
91937
91983
92028
92073
92118
92166
92212
92258
92303
92348
92394
92439
92484
92532
92579
92624
92672
92716
92763
92811
92857
92902
92948
92993
93038
93083
93128
93174
93219
93264
93308
93353
93398
93442
93488
93532
93576
93621
93666
93712
93758
93803
93849
93895
93942
93987
94034
94081
94127
94174
94221
94267
94312
94359
94405
94452
94497
94544
94589
94634
94681
94726
94772
94817
94862
94906
94950
94995
95041
95085
95130
95175
95219
95264
95308
95352
95397
95441
95486
95530
95575
95620
95664
95709
95753
95798
95843
95887
95931
95975
96020
96064
96108
96153
96197
96242
96286
96330
96374
96419
96464
96509
96553
96598
96643
96688
96731
96776
96822
96870
96915
96960
97004
97050
97094
97140
97185
97231
97276
97321
97367
97411
97458
97505
97550
97595
97641
97687
97733
97778
97824
97870
97917
97962
98008
98054
98099
98146
98192
98237
98283
98330
98376
98422
98468
98514
98561
98607
98653
98699
98745
98790
98835
98881
98927
98972
99017
99062
99108
99154
99200
99245
99291
99338
99385
99431
99477
99523
99569
99615
99660
99716
99774
99819
99865
99910
99955
100001
100046
100091
100136
100181
100225
100269
100314
100358
100402
100447
100492
100537
100581
100626
100670
100714
100759
100804
100848
100892
100938
100983
101029
101074
101119
101165
101211
101256
101301
101345
101391
101436
101481
101525
101572
101619
101665
101713
101760
101806
101854
101901
101947
101993
102039
102086
102133
102178
102226
102272
102317
102368
102414
102460
102508
102555
102601
102648
102694
102741
102788
102835
102882
102929
102975
103022
103067
103114
103160
103205
103251
103296
103342
103388
103433
103478
103524
103569
103616
103661
103706
103751
103795
103839
103884
103929
103973
104019
104063
104107
104152
104198
104242
104287
104330
104375
104419
104464
104508
104552
104597
104641
104685
104729
104773
104817
104862
104907
104951
104995
105040
105084
105129
105174
105218
105263
105308
105353
105397
105444
105489
105533
105579
105623
105668
105713
105758
105804
105850
105894
105940
105985
106031
106076
106122
106167
106213
106259
106305
106349
106396
106442
106488
106535
106582
106630
106675
106721
106767
106813
106859
106905
106951
106996
107045
107090
107136
107183
107231
107277
107325
107371
107418
107464
107511
107558
107604
107650
107695
107741
107787
107833
107878
107924
107970
108017
108063
108108
108154
108202
108248
108294
108339
108384
108429
108475
108520
108565
108611
108657
108703
108749
108795
108840
108885
108931
108977
109022
109068
109113
109159
109204
109250
109296
109343
109400
109459
109503
109548
109594
109639
109685
109730
109776
109821
109867
109912
109957
110003
110049
110094
110140
110186
110231
110277
110322
110368
110414
110460
110505
110550
110596
110641
110686
110732
110780
110826
110872
110917
110962
111009
111054
111099
111144
111191
111237
111283
111328
111375
111420
111466
111512
111558
111603
111648
111693
111740
111785
111831
111876
111921
111968
112014
112060
112106
112151
112199
112244
112290
112338
112386
112433
112481
112523
112570
112601
112651
112680
112705
112731
112760
112807
112837
112866
112897
112925
112971
113007
113034
113084
113133
113182
113212
113260
113309
113359
113390
113439
113489
113537
113583
113629
113670
113718
113764
113809
113857
113890
113938
113985
114033
114083
114129
114175
114222
114271
114319
114352
114398
114446
114485
114519
114565
114615
114664
114711
114749
114798
114846
114893
114939
114979
115027
115075
115123
115170
115218
115266
115313
115361
115408
115454
115503
115550
115598
115631
115678
115716
115764
115810
115858
115889
115936
115985
116033
116080
116128
116175
116222
116270
116316
116365
116397
116446
116493
116530
116579
116627
116674
116722
116770
116818
116866
116914
116946
116995
117042
117089
117137
117184
117230
117276
117324
117371
117417
117465
117512
117560
117608
117655
117701
117748
117794
117841
117887
117933
117979
118026
118073
118120
118166
118212
118260
118307
118355
118400
118448
118494
118542
118589
118636
118684
118732
118780
118827
118875
118933
118992
119038
119083
119131
119176
119221
119267
119313
119358
119404
119449
119494
119541
119587
119632
119679
119725
119773
119820
119867
119915
119963
120010
120059
120106
120155
120204
120252
120300
120350
120388
120436
120474
120516
120553
120602
120652
120680
120708
120756
120805
120853
120903
120931
120957
120985
121015
121066
121116
121165
121213
121249
121297
121345
121393
121441
121475
121518
121565
121602
121652
121700
121748
121796
121845
121891
121938
121985
122032
122080
122126
122172
122217
122263
122310
122356
122401
122446
122491
122536
122580
122625
122670
122715
122760
122805
122850
122894
122939
122984
123029
123073
123118
123162
123207
123251
123295
123339
123384
123427
123471
123516
123561
123606
123649
123693
123738
123782
123826
123870
123915
123958
124000
124044
124088
124132
124174
124218
124261
124305
124350
124393
124437
124481
124524
124569
124612
124655
124698
124742
124785
124829
124873
124916
124960
125004
125048
125091
125135
125178
125222
125265
125310
125354
125398
125442
125487
125531
125575
125619
125663
125707
125751
125795
125839
125884
125928
125971
126015
126059
126103
126147
126190
126235
126280
126323
126367
126411
126456
126500
126544
126589
126634
126679
126723
126768
126813
126858
126903
126949
126994
127040
127086
127132
127177
127223
127269
127314
127360
127407
127453
127499
127545
127592
127637
127683
127729
127774
127820
127866
127913
127960
128005
128052
128097
128142
128187
128232
128277
128322
128367
128412
128458
128503
128548
128592
128638
128683
128728
128773
128818
128863
128909
128955
129011
129068
129113
129159
129204
129249
129295
129340
129386
129431
129477
129522
129566
129611
129657
129703
129748
129794
129837
129883
129928
129974
130018
130062
130108
130153
130199
130245
130290
130337
130383
130428
130475
130521
130568
130615
130662
130708
130754
130800
130846
130893
130939
130985
131032
131078
131125
131171
131217
131262
131309
131354
131400
131446
131492
131538
131583
131629
131675
131721
131766
131811
131857
131902
131949
131995
132042
132089
132135
132181
132227
132273
132319
132366
132411
132456
132502
132548
132593
132639
132685
132732
132777
132824
132870
132915
132962
133007
133054
133099
133145
133191
133236
133282
133328
133374
133420
133466
133512
133558
133605
133650
133697
133744
133792
133838
133884
133930
133977
134023
134070
134116
134165
134211
134258
134305
134352
134399
134447
134494
134542
134588
134634
134681
134727
134773
134819
134865
134910
134956
135002
135048
135094
135140
135186
135231
135276
135321
135368
135414
135459
135505
135551
135597
135643
135689
135735
135781
135826
135873
135918
135965
136011
136057
136104
136149
136195
136241
136287
136333
136379
136425
136471
136518
136564
136610
136657
136703
136750
136796
136842
136888
136935
136982
137028
137075
137122
137170
137217
137266
137313
137358
137404
137451
137498
137545
137591
137638
137686
137733
137779
137827
137876
137926
137972
138020
138067
138114
138163
138201
138249
138299
138348
138379
138427
138476
138524
138565
138613
138662
138710
138758
138815
138875
138923
138971
139018
139067
139114
139162
139209
139256
139303
139351
139398
139447
139496
139544
139574
139621
139670
139718
139767
139816
139865
139913
139961
140007
140057
140104
140154
140202
140251
140301
140351
140394
140441
140489
140536
140585
140632
140682
140733
140781
140830
140876
140924
140971
141018
141067
141114
141162
141209
141258
141305
141353
141400
141447
141493
141544
141593
141641
141687
141734
141781
141829
141876
141924
141971
142018
142066
142115
142162
142211
142260
142309
142355
142404
142451
142499
142545
142594
142640
142688
142734
142782
142829
142876
142923
142972
143020
143067
143113
143160
143207
143255
143301
143350
143398
143445
143491
143539
143586
143633
143680
143728
143776
143823
143871
143919
143967
144015
144064
144111
144157
144205
144238
144286
144333
144382
144429
144475
144523
144570
144618
144665
144702
144752
144801
144838
144884
144914
144949
144981
145021
145061
145091
145138
145185
145231
145279
145309
145356
145402
145450
145498
145528
145557
145607
145636
145671
145702
145743
145788
145818
145866
145913
145951
145998
146046
146092
146140
146187
146234
146281
146329
146378
146412
146459
146506
146553
146601
146649
146697
146744
146792
146838
146885
146931
146978
147024
147071
147119
147165
147212
147261
147307
147356
147406
147452
147500
147549
147596
147644
147690
147739
147789
147820
147854
147902
147951
147989
148032
148094
148131
148179
148229
148279
148328
148372
148421
148470
148504
148533
148584
148628
148680
148719
148768
148817
148865
148913
148963
149013
149060
149091
149125
149173
149222
149258
149307
149356
149406
149454
149503
149553
149601
149649
149699
149748
149797
149827
149878
149920
149952
150000
150048
150096
150144
150193
150241
150290
150327
150375
150424
150473
150521
150567
150615
150665
150711
150760
150808
150856
150904
150953
151002
151040
151080
151128
151176
151223
151270
151319
151368
151415
151462
151509
151557
151605
151653
151701
151748
151796
151843
151890
151938
151985
152034
152081
152129
152178
152226
152275
152325
152373
152414
152464
152514
152556
152586
152615
152647
152690
152727
152761
152795
152835
152883
152933
152983
153033
153082
153131
153179
153227
153277
153327
153374
153423
153470
153519
153562
153610
153657
153705
153754
153802
153851
153899
153949
153990
154039
154088
154119
154153
154185
154232
154281
154317
154353
154402
154451
154495
154547
154588
154617
154667
154716
154742
154768
154819
154844
154868
154894
154948
154975
155001
155051
155089
155115
155142
155170
155197
155222
155268
155319
155346
155394
155443
155474
155522
155571
155619
155668
155699
155749
155797
155845
155892
155937
155984
156031
156077
156123
156169
156215
156261
156307
156353
156399
156445
156492
156539
156585
156631
156678
156725
156771
156818
156865
156912
156960
157007
157053
157102
157148
157195
157243
157289
157337
157384
157432
157478
157525
157570
157615
157661
157710
157757
157804
157851
157898
157944
157990
158037
158084
158129
158175
158221
158266
158311
158357
158403
158448
158493
158540
158586
158633
158678
158724
158770
158816
158872
158931
158976
159023
159069
159114
159159
159206
159252
159299
159346
159392
159439
159487
159534
159582
159628
159675
159722
159769
159817
159865
159912
159959
160005
160050
160097
160146
160193
160239
160286
160334
160381
160428
160475
