54.92
100.07
136.49
172.52
212.39
252.09
292.52
332.77
374.1
415.09
456.31
497.49
538.77
579.72
619.73
659.61
698.47
737.21
770.85
806.38
838.28
874.15
912.36
949.17
983.79
1019.14
1051.31
1079.65
1109.13
1138.31
1170.12
1198.2
1229.09
1259.22
1302.64
1357.42
1391.48
1445.71
1499.27
1551.86
1605.29
1657.6
1709.96
1761.94
1814.24
1866.35
1917.44
1968.96
2021.63
2072.64
2123.9
2175.78
2227.38
2279.55
2331.07
2382.26
2432.82
2484.16
2535.91
2587.35
2638.37
2689.28
2739.95
2790.64
2841.51
2892.43
2942.88
2994.14
3045.27
3095.87
3146.28
3197.22
3247.25
3297.61
3347.45
3398.44
3448.59
3497.55
3547.26
3597.45
3646.69
3696.41
3745.12
3795.03
3844.97
3894.49
3943.53
3992.3
4041.33
4090.71
4139.07
4187.57
4236.16
4284.8
4333.57
4382.09
4429.97
4478.44
4527.01
4575.57
4625.08
4673.9
4722.36
4771.58
4820.49
4868.66
4916.37
4964.45
5012.35
5059.81
5108.75
5156.97
5204.54
5252.56
5300.99
5349.28
5397.98
5446.02
5494.02
5542.26
5590.48
5638.37
5686.45
5734.31
5782.54
5832.17
5880.4
5927.75
5976.32
6023.92
6071.01
6119.26
6166.76
6214.01
6261.36
6308.35
6355.95
6403.2
6450.84
6497.76
6545.67
6592.43
6639.17
6685.49
6733.27
6780.12
6827.39
6874.23
6920.91
6967.58
7013.68
7059.73
7106.8
7153.67
7199.79
7245.77
7292.16
7338.71
7385.53
7432.06
7479.33
7525.87
7573.74
7620.58
7669.02
7716.61
7763.58
7810.47
7856.85
7903.51
7949.92
7998.01
8045.01
8091.89
8138.04
8184.99
8232.5
8279.4
8325.69
8374.55
8422.95
8469.44
8516.4
8562.44
8609.19
8657.38
8703.75
8750.1
8797.38
8843.97
8890.19
8937.1
8984.94
9033.75
9081.56
9137.78
9200.82
9247.04
9292.69
9339.27
9386.69
9432.77
9480.17
9526.69
9572.86
9619.67
9666.69
9714.43
9761.09
9807.79
9853.92
9900.59
9947.36
9993.8
10040
10085.9
10134.1
10181.9
10229.9
10276.2
10322.5
10368.9
10415.5
10462.3
10508.9
10555.4
10599.7
10645.6
10684.9
10730.7
10777
10823.1
10870.2
10916
10963
11009.7
11057
11104
11149.5
11195.7
11241.4
11286.9
11332.4
11378.5
11424.9
11472.1
11518.2
11563.5
11608.9
11655.4
11701
11746.4
11792.1
11838.3
11884.3
11930
11975.6
12022.3
12069.4
12115.5
12161.5
12207.8
12253.7
12299.4
12345.1
12390.7
12436.5
12482.6
12529.8
12575.8
12621.9
12668.3
12714.1
12760.2
12807.2
12852.9
12899
12944.9
12991.3
13036.8
13082.9
13128.9
13176.8
13222.7
13268.2
13315
13363.4
13409.3
13455.7
13501.9
13547.6
13594.9
13640.5
13687.8
13734.2
13780.2
13826.6
13872.6
13918.9
13965.6
14011.7
14059.8
14106
14152.1
14198.5
14244.6
14293.1
14340.7
14386.8
14432.9
14479.2
14529.5
14571.5
14617.7
14665.7
14713.7
14760.5
14808
14854.4
14900.9
14947.4
14994.1
15041.5
15088.9
15135.6
15181.9
15225
15270.7
15316.9
15364.1
15410.5
15457.5
15503.5
15549.2
15595.2
15642.8
15689.9
15736.2
15783.4
15830.3
15877.1
15924.7
15971.3
16017.6
16065.4
16113.2
16159.4
16205.4
16251.8
16298.5
16341.7
16387.2
16433.8
16479.7
16526
16571.7
16617.9
16664.7
16710.2
16756.3
16804.3
16851.6
16894.2
16940.1
16986.6
17032.6
17090.4
17151.8
17199.1
17245.2
17291.5
17337.2
17383.3
17429
17475.3
17521
17566.9
17612.7
17658.6
17705.4
17752
17797.4
17843.5
17889.7
17935.4
17980.8
18029
18075.2
18121
18166.6
18214.1
18259.5
18305.5
18351.1
18397.5
18444.9
18491.6
18536.8
18582.6
18628.8
18674.4
18719.4
18765.2
18810.6
18857.2
18903.6
18948.8
18995.2
19042.2
19087.7
19134
19179.8
19226
19272.6
19319.3
19365.6
19411
19456.7
19501.9
19548.2
19594
19639.7
19685
19730.6
19775.8
19821.5
19866.8
19912.6
19958.2
20003.2
20048.9
20094.3
20139.9
20185.8
20232.3
20277.6
20323.7
20369.5
20414.8
20460.4
20505.1
20549.7
20595.7
20640.8
20686.2
20731.2
20778.2
20823
20869.6
20914.5
20960.6
21006.2
21051.3
21096.1
21141.4
21186.3
21231.7
21277.3
21323.3
21369.8
21416
21462.1
21501.8
21547.9
21593.6
21638.8
21683.4
21729
21774.4
21821.7
21867.8
21912
21957.3
22002.5
22047.5
22092.4
22136.8
22182
22226.9
22273.8
22319.6
22365.2
22410.9
22457
22502.9
22548.9
22595
22639.9
22684.4
22730.1
22775
22820
22867.7
22912.8
22958.4
23003.4
23048.5
23093.5
23139.7
23184.3
23229.6
23273.6
23317.8
23363.1
23408.2
23453.8
23499.6
23545.4
23591
23636.6
23682.5
23728.5
23773.9
23818.3
23866.6
23912.1
23957.6
24003.4
24049.2
24096
24142
24189.2
24235.4
24280.8
24326.1
24370.8
24416.7
24461.8
24506
24549.8
24595.8
24641
24686.4
24731.7
24777.2
24822.6
24868.1
24913.3
24968.1
25026.1
25071.3
25116.2
25162.5
25208
25253.6
25299.7
25345.6
25391
25436.9
25482.2
25527.6
25573.2
25618.1
25663.8
25710.9
25756
25801
25846.3
25892.4
25937.9
25985.1
26030.3
26075.4
26119.7
26166.1
26210.4
26255.9
26300.4
26345.8
26390.9
26436.4
26481.8
26527.1
26573
26617.8
26663.5
26709.6
26754
26799.6
26844.8
26889.5
26934.5
26979.7
27024.5
27070.2
27115.6
27160.2
27205
27250.4
27295.9
27340.8
27386.6
27432.8
27479
27524.9
27570.2
27616
27660.6
27706.4
27753.6
27798.3
27844.5
27890.3
27935.1
27981
28026.7
28071.7
28117.2
28163.2
28208.4
28254.3
28299.3
28343.5
28388.9
28433.5
28478.9
28524.8
28570.6
28617.2
28662.2
28708.1
28752.9
28797.8
28843.9
28890
28935.4
28981.5
29026.5
29071.3
29117.2
29164.3
29210.4
29258.1
29303.7
29349.6
29394.8
29441.7
29487.3
29531.9
29576.6
29620.8
29665.7
29711.5
29757.8
29804.5
29850.2
29896
29941.7
29988.7
30033.5
30079.8
30124.8
30169.5
30215
30260
30305.8
30351.1
30396.9
30442.9
30488.9
30534.7
30580.2
30625.9
30670.7
30715.6
30761.3
30807
30853.2
30897.7
30943
30989.3
31035
31080.7
31126
31172
31217.4
31262.5
31306.8
31351.4
31396.8
31442.4
31487
31533.1
31578.7
31624.1
31669.3
31716.4
31761.3
31805.7
31851.2
31896.4
31942
31988.2
32033.8
32078.8
32124.5
32170.4
32215.7
32261.5
32306.4
32351.8
32397.3
32442.5
32486.9
32532.8
32579.2
32625.3
32670.5
32705.1
32751
32795.5
32840.8
32885.9
32931.4
32977.5
33023.8
33069.8
33113
33168.7
33227.2
33272.8
33318.8
33363.6
33409.1
33455.2
33499.7
33543.9
33590
33634.8
33680.4
33726.2
33762.7
33808.6
33855.1
33901.6
33947.5
33995.9
34042.6
34088.5
34134.5
34180.3
34226.6
34272.1
34318.8
34365.7
34411.7
34457.7
34505.4
34552.1
34597.4
34644.2
34691.2
34737.6
34783.4
34830.8
34877.9
34924.1
34970.5
35015.5
35061.8
35109.1
35155
35200.8
35247.8
35293.8
35340.7
35387.3
35434.9
35480.6
35527.8
35574.1
35621.7
35661.8
35708.2
35754.8
35788.8
35836.1
35878.6
35924.6
35969.8
36014.6
36059.8
36105.3
36150
36195.2
36241.2
36287.5
36335
36381.7
36414.8
36460.5
36505.7
36541.3
36588
36634.3
36673.7
36718.9
36766
36812.4
36858.2
36904.2
36950.1
36997.7
37043.4
37090.3
37137
37172.6
37219.4
37266
37311.3
37359.4
37405.3
37451.8
37497.6
37544.7
37591.8
37637.8
37684.2
37731.2
37777.4
37813.2
37859.6
37905.7
37949.4
37997.6
38042.5
38089.3
38135.2
38180.6
38228.3
38274
38320.4
38367.2
38412.5
38460.2
38506.6
38543.5
38582.2
38629
38674.5
38720.8
38769.6
38816.5
38863.5
38910.6
38956.1
39002.8
39048.7
39095.8
39127.8
39163.5
39210.1
39257
39304
39346
39394.5
39440.7
39482.8
39529.9
39580.1
39627.5
39673.3
39720.7
39766.7
39813.2
39861.2
39900.7
39936.3
39983.7
40030
40075.8
40122.5
40170.2
40216
40256.6
40302.8
40350.1
40396.4
40443.6
40489.7
40535.8
40582.7
40630.3
40676.5
40723.7
40768.7
40815.4
40861.7
40907.6
40953.8
40993.3
41040.2
41087.4
41133.4
41179.2
41225.4
41281.3
41339.9
41386.7
41433.5
41481
41527
41572.8
41619.1
41665.8
41711.5
41759.2
41806.9
41853.5
41900.8
41947.2
41992.2
42038.1
42083.3
42129.6
42174.7
42220.6
42265.7
42311.1
42358
42404.1
42449.8
42495.6
42541
42586.4
42631.6
42678.3
42723
42767.6
42814.9
42861
42907.8
42953
42998.2
43044.8
43091.1
43137.7
43183.2
43229.5
43275.7
43320.9
43367.6
43413.5
43459.6
43506.3
43551.7
43598.1
43643.9
43689.3
43734.8
43781.2
43826.4
43872.1
43918.1
43963.4
44009.6
44055.2
44101.1
44146
44191.3
44237.3
44282.8
44331.1
44376.7
44423.4
44469.4
44515
44559.1
44606.5
44652.4
44698.4
44744.2
44790.1
44835.1
44881.3
44927.1
44973.2
45018.2
45063.5
45107.5
45153.3
45198.4
45243.5
45288.4
45333.8
45379.9
45425.4
45471.7
45516.2
45561.2
45606.2
45651.8
45697.6
45741.8
45786
45830.9
45876.4
45922.2
45967.3
46013.3
46058.7
46104.3
46150.3
46196.2
46242.3
46287.7
46333.4
46380.1
46425.5
46471.3
46517.3
46562.5
46608.3
46655.1
46700.1
46744.2
46789.3
46834.8
46879.2
46925.1
46970.5
47015.9
47061.4
47106.4
47151.2
47195.7
47241.1
47286.6
47331
47377
47422.7
47468.4
47513.7
47558.3
47604.8
47650.9
47696.4
47743.1
47787.8
47833.2
47878.5
47923.3
47969
48013
48058.6
48103.1
48148.1
48193.4
48239.8
48285.6
48333.7
48379.7
48425
48469.5
48514.3
48560.6
48606.3
48651.5
48698.3
48743.9
48789.8
48835.1
48881.2
48926.8
48971.7
49016.2
49061
49107.5
49153.1
49198.7
49243.8
49288.5
49342.9
49401.6
49446.7
49492.1
49536.9
49582.1
49627.7
49672.9
49718.2
49762.4
49808
49852.8
49898.5
49943.9
49989.8
50034.8
50080.7
50125.3
50170.6
50215.3
50260.2
50303.9
50349.3
50394.2
50439.1
50483.5
50528.6
50572.9
50617.8
50662.2
50706.9
50752.3
50797.3
50842.1
50886.7
50931.3
50976.7
51021.9
51066.9
51110.9
51156.1
51201.1
51245.9
51289.7
51334.3
51379.3
51423.7
51468.3
51513.6
51558.3
51603.4
51648.3
51692.4
51736.2
51781.5
51826.3
51872.1
51919.3
51963.4
52008.2
52053.7
52099
52144.2
52188.9
52234.1
52279.2
52323.6
52368.4
52412.4
52456.9
52502.5
52546.1
52590.3
52634.7
52679.7
52724.1
52768.9
52813.3
52858
52902.5
52947.7
52992.3
53036.8
53082.5
53127.8
53172.6
53217.6
53263
53309.1
53353.5
53397.2
53442
53487
53530.9
53575.7
53620.8
53665.7
53710.3
53755.7
53799.8
53844.7
53889.5
53934.4
53979.8
54024.9
54069.2
54114.3
54159.2
54204.8
54249.4
54295.3
54340.6
54385.3
54430.1
54475.8
54519.8
54565.8
54610.3
54656.1
54700.6
54746
54791.5
54836.9
54882.8
54927.8
54973.7
55019.6
55065.1
55109.9
55155.4
55200.8
55245.4
55291.3
55336.2
55381
55426.8
55474.2
55520.2
55565
55611.4
55656.6
55703.1
55748.8
55796.2
55842.2
55887.5
55933.2
55978.4
56024.3
56068.6
56114
56159.3
56204.8
56250.5
56297.1
56342.2
56387.2
56432.5
56477.6
56522.4
56567.9
56613.4
56660.3
56704.2
56749.6
56796.1
56842.7
56887.7
56933.6
56978.4
57023.9
57069.2
57116.1
57161.5
57207.3
57253.1
57299.1
57343.9
57389.8
57435.6
57482.1
57527.6
57582.9
57639.9
57684.7
57729.7
57775
57820.4
57866.1
57911.8
57957.5
58002.8
58049.1
58094.7
58140.5
58185.7
58231.2
58277.1
58322
58367.6
58413.2
58458.5
58504.1
58550.6
58596.5
58641.7
58688.1
58735
58780.5
58824.8
58871.6
58917.6
58963.9
59010.6
59055.6
59102.2
59149
59195.1
59242.6
59290.4
59338.5
59385.1
59432
59479.3
59525.8
59573.6
59619.3
59666.2
59713.3
59760.8
59807.5
59854
59898.6
59944.2
59985.7
60031.1
60071.5
60117.3
60163.9
60210.1
60257
60301.5
60349.5
60396.8
60445.2
60492.3
60537.7
60583.1
60630.7
60659.9
60706.2
60745.7
60793.3
60838.2
60886.7
60932.9
60979.4
61026.6
61074
61119.9
61166.8
61215.2
61262.7
61296.4
61343.1
61384.5
61431.4
61478.4
61527.2
61556.1
61603.8
61654.7
61686.5
61719.6
61756.2
61782.4
61808.4
61839.5
61866.9
61894.1
61921.7
61944.8
61973.7
62001.3
62032.3
62061.6
62087.4
62114.7
62141.9
62166.7
62195.1
62220.2
62248.9
62275.5
62304
62329.6
62357.9
62387
62415.4
62442.7
62468.9
62495.7
62524.5
62552.6
62588.7
62616.9
62646
62670.9
62697.7
62731.9
62780.7
62805.9
62838.3
62869.3
62917.7
62962.6
62993.8
63042.1
63072.4
63101.7
63130.5
63168.8
63196.7
63223.7
63253.9
63294.7
63325.8
63373.2
63423.7
63448.5
63475.5
63505.2
63532.3
63557.5
63581.8
63607.6
63635.9
63660.8
63688.7
63713.6
63743.7
63770.1
63794.6
63820
63870.7
63896.1
63947.5
63974.3
64008.6
64043.9
64088.3
64123.3
64150
64197.8
64231.3
64277.7
64307.7
64356.1
64399.1
64446.8
64495.3
64541.1
64589
64636.2
64683.7
64729.2
64775.2
64821.4
64867.1
64913
64958
65004.7
65051.7
65097.2
65143.4
65188.7
65244.2
65302.9
65348.3
65393.4
65438.8
65485.3
65531.9
65578.1
65623.9
65669.6
65714.9
65759.9
65805.1
65849.8
65896.1
65941.7
65987.1
66032.6
66078.5
66126.3
66171.6
66217.2
66264.3
66309.5
66357
66402.7
66448.8
66493.4
66538.7
66582.8
66630.2
66675.1
66720.4
66767.4
66813.3
66858.3
66903.3
66948.3
66992.8
67038
67082.5
67128.9
67175.1
67221.3
67265.8
67311.7
67358.4
67403.5
67449.4
67493
67538.5
67582.8
67629
67673.6
67719.3
67764.1
67810.1
67854.5
67900.1
67944.5
67990.2
68036
68081.1
68125.5
68171.6
68216.5
68262.5
68307.7
68353.6
68399.5
68444.6
68489.1
68533.1
68577.8
68622.5
68667.6
68712.3
68757.7
68802.9
68847
68891.8
68935.9
68981
69025.6
69070.8
69115.2
69159.5
69203.8
69249
69293.4
69338.1
69382.6
69427.8
69474.5
69519.8
69564.6
69610.9
69656.1
69701
69745.9
69791
69835.7
69881.4
69927
69972.7
70017.7
70063.4
70110.3
70155.6
70200.6
70245.7
70290.9
70335.4
70381.9
70427
70472.6
70517.4
70562.1
70606.6
70650.9
70697
70741.7
70787.1
70831.4
70877.6
70923.6
70969.6
71014
71059
71103.9
71149.6
71195.9
71241.3
71276.1
71321.6
71369.4
71415.5
71461.8
71490.1
71536.6
71582.8
71615.7
71654.7
71700.3
71746.2
71791.6
71840.4
71875.7
71923
71970.4
72017.9
72064.8
72105.9
72151.4
72196.6
72241.7
72286.2
72331.1
72376.3
72421.8
72466.4
72512.4
72557.5
72602.1
72646.7
72692.4
72738.3
72783.6
72828.7
72874.8
72919.3
72963.7
73008.2
73053.1
73098.2
73143.7
73188.9
73233.6
73279.6
73325.8
73370.6
73415.5
73461.3
73507.5
73552.6
73606.5
73664.8
73709.8
73754.2
73798.8
73843.5
73889.2
73934.2
73978.8
74024.4
74068.7
74113.6
74158.5
74202.4
74245.8
74290.6
74334.9
74379.8
74423.8
74468.4
74513.5
74557.9
74602.7
74647.2
74691.1
74737.2
74781.8
74826.8
74872.9
74918.1
74962.8
75008.1
75052.3
75096.7
75141.3
75186.3
75230.1
75274.1
75318.6
75362.7
75407.6
75452.3
75496.7
75541.6
75584.7
75629.1
75674.5
75719.8
75764.5
75809.2
75855.2
75900
75944.2
75988.4
76033.2
76079.6
76124.5
76169.2
76213.6
76258.2
76302.6
76347.9
76392.9
76438
76483.6
76529.2
76574.5
76619.6
76663.9
76708.6
76753.8
76798.9
76842.8
76887.5
76932.6
76976.6
77022.8
77068.1
77113
77156.8
77201.6
77248.4
77293.4
77337.9
77383.4
77428.2
77472.1
77516
77560.1
77604.9
77650.2
77694.5
77738
77781.8
77826
77870.7
77915.7
77960.9
78004.1
78048.8
78093.5
78138.4
78183.9
78228.7
78275.8
78320.3
78365.9
78410.6
78454.9
78498.9
78543.7
78588.3
78635.4
78680.2
78725.9
78769.9
78814.7
78860.2
78905
78948.8
78993
79039
79084
79128.2
79173
79217.1
79264.1
79310
79354.2
79398.5
79443.4
79487.7
79533
79577
79621.6
79666.2
79713.1
79757.2
79801.4
79846
79891
79936.1
79981.7
80026
80072.8
80118.1
80163.7
80207
80252.5
80296.1
80341.4
80384.8
80429
80473.7
80520.5
80565.8
80609.9
80655.1
80700.3
80745.2
80790.1
80834.8
80879.4
80924.9
80971.2
81016.9
81062.9
81107.2
81152.2
81196.6
81241.6
81285.5
81332.7
81377.5
81422.1
81467.4
81512.7
81558.2
81603
81649.1
81696.1
81741.6
81786.7
81831.1
81876.1
81921
81967.5
82021.8
82079.9
82124.6
82170.4
82215.5
82261
82306.9
82345.9
82390.1
82435
82481.6
82527.1
82572.1
82616.5
82661.3
82707.6
82753.8
82798.8
82843.7
82888.5
82933
82979.1
83024
83070.1
83115.7
83161.5
83206.9
83252.3
83297.6
83345.4
83390.3
83435.1
83481.1
83526.2
83571.2
83616.9
83662.2
83708.7
83753.3
83799.9
83845.1
83890.9
83937.9
83983.4
84029.9
84075.1
84119.8
84165.8
84210.9
84258.7
84303.1
84349.1
84395.1
84440.9
84485.6
84530.5
84562.8
84609.1
84656.2
84701.6
84747.5
84795.1
84842.1
84888.1
84932.8
84977.9
85025.4
85071.6
85117.7
85163.6
85210
85255.9
85302.2
85350.1
85396.4
85444.9
85490.8
85536.1
85581.8
85625.5
85671.1
85717.7
85763.9
85810.2
85855.7
85901.8
85947.6
85993.8
86039.3
86085.4
86131.8
86177.8
86222.8
86268.4
86315.5
86363.5
86409.9
86457.7
86503.1
86548.4
86594.1
86640.9
86687.2
86729
86774.4
86819.3
86865.1
86904.4
86951.1
86996.6
87041.3
87088.3
87135.9
87181.9
87228.8
87273.9
87319.6
87365.5
87412.2
87456.7
87500.6
87546.8
87593.5
87639.6
87685.5
87732.8
87778.8
87825.8
87872.3
87917.7
87964
88011.5
88057.6
88085.8
88130.3
88171.6
88216.4
88262.4
88309.1
88358.7
88392.4
88439.5
88468.1
88501.8
88532.1
88564.8
88613.7
88647.2
88697.3
88726.8
88774.5
88803.3
88833.8
88861.8
88890.4
88923.3
88975.5
89003.4
89052.5
89081.3
89119
89146.8
89185.7
89213.1
89242
89280.8
89328.7
89358.1
89403.1
89443.9
89493.1
89526.3
89554.9
89587.7
89615
89654.1
89682.2
89728.6
89756.6
89781.8
89808.9
89861
89909.5
89933.1
89960.3
89986.5
90018.3
90044.4
90072
90096.9
90120.1
90149.9
90176.1
90201.4
90226.7
90254.3
90287.4
90330.4
90377.2
90424.8
90471
90518.1
90564.9
90610.9
90646.4
90695.1
90733
90780.3
90826.3
90853.4
90900.7
90948.4
90981.1
91013.5
91057.4
91094.4
91144.4
91171.4
91206.4
91247.2
91280.3
91326.6
91363.9
91411
91445.3
91491.6
91537.9
91585.5
91631.2
91674.9
91720.2
91764.1
91809.5
91854.9
91901.2
91945.8
91990.4
92036
92083.6
92129.9
92175
92220.6
92265.6
92310.9
92356
92401.3
92448.9
92495.4
92541.2
92588.2
92633
92679.4
92727.5
92772.9
92817.7
92864.3
92909.2
92953.9
92998.8
93043.8
93089.4
93134
93178.9
93222.9
93267.5
93312.1
93356.3
93401.4
93445.3
93489.6
93534.8
93579.9
93624.8
93671.1
93716.7
93761.9
93808.2
93855.1
93900.7
93947.3
93994.2
94039.7
94087.2
94133.7
94180
94225.2
94271.6
94317.9
94364.6
94409.7
94456.5
94502
94547
94593.3
94638.9
94684.6
94729.8
94774.3
94819.1
94863.1
94907.8
94952.8
94996.8
95041.4
95086.9
95131.2
95175.4
95219.3
95263.4
95307.9
95351.8
95397.5
95441.2
95486.2
95531.5
95575.6
95620.3
95663.7
95709
95753.9
95797.8
95842.5
95886.2
95930.8
95974.8
96019.1
96063.9
96107.8
96152.6
96196.8
96241
96285
96330.1
96374.5
96420.1
96464.1
96509.2
96554.4
96598.9
96642.4
96687.2
96732.6
96780.4
96825.7
96870.9
96915.1
96960.3
97005.1
97050.8
97096
97141.9
97186.9
97231.6
97277.4
97322
97368.5
97415
97460
97505.7
97551.6
97597.4
97643.1
97688.1
97733.9
97780
97827.3
97872.1
97918.6
97963.9
98009.6
98055.7
98101.8
98147.1
98193.3
98240.1
98286.5
98332.1
98377.6
98424
98471
98516.9
98562.2
98608.3
98653.9
98699.3
98744.1
98789.6
98835.5
98880.9
98925.5
98970.8
99016.5
99062.1
99108
99153.3
99199.2
99246.3
99292.7
99338.9
99384.3
99430.4
99476.5
99522.4
99567.5
99622.5
99680.7
99725.7
99771.1
99816.6
99861.9
99907.6
99952.7
99997.6
100043
100088
100131
100176
100220
100264
100309
100353
100398
100443
100487
100532
100576
100621
100665
100710
100754
100799
100844
100889
100935
100980
101025
101071
101117
101162
101207
101251
101297
101343
101387
101431
101478
101525
101571
101619
101666
101713
101760
101807
101853
101899
101945
101992
102039
102084
102132
102178
102223
102274
102320
102366
102414
102461
102507
102554
102600
102647
102694
102741
102788
102835
102881
102928
102973
103020
103066
103111
103157
103202
103248
103293
103339
103384
103430
103475
103522
103567
103612
103657
103701
103745
103789
103834
103879
103924
103969
104013
104058
104103
104148
104192
104236
104280
104325
104369
104414
104458
104502
104547
104590
104634
104679
104723
104768
104812
104857
104901
104946
104990
105035
105079
105124
105169
105214
105258
105303
105349
105394
105439
105484
105528
105573
105618
105664
105709
105755
105800
105845
105891
105937
105982
106027
106073
106118
106164
106210
106255
106301
106347
106393
106441
106487
106535
106581
106626
106672
106719
106765
106810
106856
106902
106950
106995
107041
107088
107136
107183
107230
107276
107323
107369
107416
107463
107509
107555
107600
107646
107692
107738
107783
107829
107875
107922
107968
108013
108059
108107
108153
108199
108244
108289
108334
108380
108425
108470
108516
108561
108608
108654
108699
108745
108790
108836
108881
108927
108973
109018
109063
109109
109155
109201
109247
109304
109362
109407
109452
109497
109543
109588
109634
109679
109725
109770
109816
109861
109906
109952
109998
110043
110089
110135
110180
110226
110271
110317
110363
110409
110454
110499
110545
110590
110635
110683
110729
110775
110821
110866
110912
110957
111003
111048
111094
111140
111186
111232
111278
111324
111369
111415
111461
111507
111551
111596
111643
111689
111734
111779
111825
111871
111917
111963
112009
112055
112102
112147
112193
112241
112289
112336
112384
112426
112473
112504
112554
112583
112608
112634
112663
112710
112740
112769
112800
112828
112874
112910
112937
112987
113036
113085
113115
113163
113212
113262
113293
113342
113392
113440
113486
113532
113573
113621
113667
113712
113759
113793
113841
113888
113935
113986
114031
114078
114124
114174
114222
114254
114300
114348
114388
114422
114468
114517
114566
114613
114651
114700
114748
114795
114841
114881
114930
114977
115025
115072
115120
115168
115215
115263
115310
115356
115404
115452
115500
115533
115580
115618
115666
115712
115760
115791
115838
115887
115934
115982
116030
116076
116124
116171
116218
116267
116299
116347
116395
116432
116480
116528
116576
116623
116672
116720
116768
116815
116847
116897
116944
116991
117039
117085
117131
117178
117225
117272
117318
117366
117413
117461
117509
117556
117602
117649
117696
117742
117789
117834
117881
117928
117974
118021
118067
118114
118161
118208
118256
118302
118349
118396
118443
118490
118538
118586
118633
118681
118729
118777
118833
118893
118938
118984
119031
119076
119121
119167
119213
119259
119304
119349
119395
119441
119487
119533
119579
119625
119673
119720
119767
119815
119863
119911
119959
120006
120055
120104
120152
120200
120250
120288
120336
120374
120415
120452
120501
120550
120578
120606
120654
120703
120750
120800
120827
120854
120882
120912
120962
121012
121061
121108
121144
121191
121240
121287
121335
121369
121412
121459
121496
121546
121594
121642
121690
121739
121785
121832
121878
121926
121973
122020
122066
122111
122156
122203
122249
122294
122339
122384
122430
122474
122519
122563
122608
122653
122698
122744
122788
122833
122878
122922
122967
123011
123056
123100
123145
123188
123233
123277
123320
123365
123410
123454
123499
123543
123587
123631
123676
123719
123764
123808
123851
123893
123937
123981
124025
124068
124111
124155
124198
124243
124286
124330
124374
124418
124462
124505
124548
124592
124635
124678
124722
124766
124809
124853
124897
124941
124984
125028
125071
125115
125158
125203
125247
125291
125335
125380
125424
125468
125513
125556
125600
125644
125688
125732
125777
125821
125864
125908
125952
125996
126040
126083
126128
126173
126216
126260
126304
126349
126393
126437
126482
126527
126572
126616
126661
126706
126751
126796
126841
126887
126933
126978
127025
127070
127116
127161
127206
127252
127299
127346
127392
127438
127485
127530
127576
127621
127667
127712
127758
127805
127852
127897
127944
127989
128034
128079
128124
128170
128214
128259
128304
128350
128395
128440
128484
128530
128575
128620
128665
128710
128755
128801
128847
128902
128959
129004
129049
129095
129140
129186
129231
129277
129322
129367
129413
129456
129502
129548
129593
129639
129685
129728
129774
129818
129865
129909
129953
129999
130044
130090
130135
130181
130227
130273
130319
130366
130412
130459
130506
130552
130599
130644
130691
130737
130783
130829
130876
130923
130969
131015
131061
131107
131153
131199
131245
131291
131337
131382
131428
131474
131520
131566
131612
131657
131702
131748
131793
131839
131885
131932
131979
132025
132071
132117
132164
132210
132256
132301
132346
132392
132438
132484
132529
132575
132622
132668
132714
132760
132805
132852
132897
132944
132989
133035
133081
133126
133172
133218
133264
133310
133356
133402
133447
133494
133540
133587
133634
133681
133727
133774
133820
133866
133912
133959
134006
134055
134101
134147
134194
134241
134288
134336
134384
134431
134477
134523
134570
134617
134662
134708
134754
134799
134845
134891
134937
134984
135029
135075
135120
135165
135210
135257
135304
135349
135395
135440
135486
135532
135578
135624
135670
135715
135762
135807
135854
135900
135946
135993
136038
136084
136130
136176
136222
136268
136314
136360
136407
136453
136499
136546
136592
136638
136685
136731
136777
136823
136871
136917
136964
137011
137059
137106
137155
137202
137247
137293
137340
137387
137434
137480
137527
137574
137622
137668
137716
137765
137814
137861
137908
137956
138003
138051
138089
138138
138187
138236
138267
138316
138365
138413
138454
138502
138551
138599
138646
138704
138764
138812
138859
138907
138955
139003
139050
139098
139145
139192
139239
139287
139335
139385
139432
139462
139509
139558
139606
139656
139704
139753
139801
139849
139895
139945
139993
140042
140090
140139
140190
140239
140282
140329
140378
140425
140473
140521
140571
140621
140669
140718
140764
140812
140859
140906
140956
141002
141050
141097
141146
141193
141241
141288
141335
141381
141432
141481
141528
141575
141622
141668
141716
141763
141811
141858
141906
141952
142002
142049
142098
142147
142195
142241
142290
142337
142385
142431
142480
142526
142573
142619
142668
142714
142761
142808
142857
142905
142952
142998
143045
143092
143140
143186
143235
143283
143330
143376
143424
143471
143518
143565
143613
143661
143708
143756
143804
143851
143900
143948
143995
144042
144089
144122
144170
144216
144265
144312
144358
144407
144453
144501
144548
144585
144635
144683
144720
144767
144797
144832
144864
144903
144944
144974
145021
145068
145114
145162
145192
145238
145285
145333
145380
145411
145439
145489
145519
145553
145585
145625
145671
145700
145748
145796
145834
145881
145929
145975
146022
146070
146116
146163
146211
146260
146294
146341
146389
146435
146483
146531
146579
146626
146674
146721
146767
146813
146860
146906
146953
147001
147047
147094
147142
147189
147237
147287
147334
147381
147430
147477
147525
147572
147620
147670
147701
147735
147783
147833
147870
147913
147974
148011
148059
148109
148159
148208
148252
148301
148350
148384
148412
148464
148507
148559
148598
148647
148697
148745
148793
148842
148892
148940
148970
149004
149052
149102
149137
149186
149235
149285
149333
149382
149432
149479
149528
149578
149627
149676
149706
149756
149799
149830
149879
149926
149974
150022
150071
150119
150168
150205
150253
150302
150350
150399
150444
150493
150542
150588
150636
150684
150733
150781
150830
150879
150917
150956
151005
151053
151100
151147
151195
151244
151291
151338
151385
151433
151481
151529
151578
151624
151672
151719
151765
151814
151861
151909
151957
152005
152053
152102
152151
152201
152249
152289
152340
152389
152431
152461
152490
152523
152566
152603
152636
152670
152710
152759
152809
152859
152908
152958
153006
153055
153103
153153
153203
153249
153298
153345
153394
153437
153485
153532
153580
153629
153677
153726
153774
153824
153864
153913
153962
153994
154027
154059
154106
154155
154192
154228
154276
154325
154370
154421
154462
154492
154541
154590
154616
154642
154693
154719
154743
154768
154822
154849
154875
154925
154963
154989
155016
155044
155071
155096
155142
155193
155220
155268
155317
155347
155396
155444
155492
155542
155572
155622
155670
155717
155764
155808
155855
155902
155948
155994
156040
156086
156131
156177
156223
156269
156315
156362
156409
156454
156501
156548
156595
156641
156687
156735
156781
156829
156876
156923
156971
157017
157065
157112
157159
157207
157253
157301
157346
157393
157438
157483
157529
157577
157624
157670
157717
157764
157811
157857
157904
157950
157995
158042
158087
158132
158178
158223
158270
158315
158359
158407
158453
158499
158544
158591
158636
158682
158738
158797
158842
158888
158934
158979
159025
159072
159118
159164
159211
159258
159305
159352
159400
159447
159494
159540
159587
159634
159682
159731
159777
159824
159870
159916
159963
160011
160058
160104
160151
160199
160246
160293
160340
