66.01
112.09
156.66
191.85
226.54
262.94
295.78
330.96
367.34
404.03
441.03
477.91
514.79
552.09
589.07
625.73
663.61
701.36
739.3
776.63
813.82
850.47
885.86
920.46
950.76
983.5
1015.57
1045.15
1074.55
1102.82
1131.56
1159.03
1188.96
1217.18
1247.64
1280.47
1322.47
1369.82
1417.96
1467.83
1515.74
1564.11
1612.41
1662.35
1710.94
1760.56
1809.07
1857.62
1895.48
1930.15
1962.6
1999.58
2048.5
2091.85
2127.9
2162.47
2197.91
2231.65
2280.55
2328.84
2377.96
2427.33
2475.31
2522.63
2570.36
2618.09
2666.19
2714.37
2763.27
2811.1
2858.72
2907.25
2955.57
3003.63
3051.33
3099.22
3146.62
3194.22
3241.97
3289.76
3337.71
3385.04
3433.21
3481.8
3530.68
3579.28
3626.89
3676.87
3725.38
3772.01
3821.12
3868.76
3917.65
3958.4
4005.67
4053.04
4101.01
4149.03
4196.95
4238.87
4286.61
4334.36
4381.73
4428.14
4476.67
4524.1
4570.8
4608.7
4654.96
4696.47
4743.81
4789.74
4836.8
4882.66
4928.46
4973.68
5019.51
5067.48
5114.35
5160.14
5206.58
5253.46
5299.55
5347
5393.53
5439.21
5487.04
5533.25
5577.82
5613.19
5659.43
5709.22
5751.66
5797.62
5835.07
5880.54
5927.38
5973.37
6019.44
6064.18
6107.6
6146.24
6191.15
6235.15
6278.78
6323.57
6369.66
6414.38
6458.05
6501.48
6547.03
6592.07
6637.69
6682.14
6726.94
6771.72
6817.39
6860.31
6905.92
6951.03
6995.45
7039.36
7085.4
7123.91
7168.33
7212.65
7257.31
7294.56
7339.6
7384.2
7428.26
7473.27
7518.78
7563.38
7607.66
7653.32
7697.31
7741.06
7785.01
7830.27
7865.09
7909.44
7953.81
7989.05
8034.24
8077.74
8122.26
8162.94
8208.56
8252.97
8294.65
8335.26
8378.8
8419.05
8467.57
8509.69
8551.03
8592.94
8634.96
8675.99
8706.24
8747.08
8788.41
8826.13
8868.7
8909.63
8950.52
8993
9033.48
9075.01
9108.92
9151.04
9192.48
9234.17
9276.5
9317.37
9358.95
9400.56
9433.66
9474.51
9515.79
9557.29
9598.61
9640.18
9683.2
9724.21
9766.85
9808.74
9845.76
9874.49
9918.08
9960.01
10001.1
10043.7
10082.5
10122.7
10158.9
10196.2
10234
10277.1
10318.3
10360.8
10401.3
10432.2
10472.9
10515
10555.4
10596.8
10632.9
10675.4
10716.3
10758.9
10800.6
10841.8
10884.3
10925.2
10953.5
10985.8
11027
11068.5
11109.8
11138.9
11168
11209.3
11250.9
11290.9
11331.6
11372.7
11413.7
11454.4
11496.4
11537.6
11578.6
11619.3
11661
11702.7
11738.7
11780.2
11820.9
11861.4
11904.5
11944.3
11986.6
12023.4
12064
12107.2
12143.4
12179.3
12219.8
12260.8
12294.7
12336.8
12369
12402.6
12434.1
12474.6
12515.3
12546.4
12589.7
12624.2
12656.3
12684
12724.4
12765.4
12805.5
12838.8
12880.1
12920.4
12960.6
13001.1
13042.4
13082.4
13122.6
13163.4
13192.4
13233.5
13274.8
13315.2
13357.3
13397.2
13438.3
13478.2
13519.9
13560
13588.5
13628.6
13667.4
13708.4
13749.6
13790.2
13822
13863.7
13905.5
13946.4
13973.4
14015.8
14058
14100.5
14143.7
14184.5
14225.2
14267
14307
14344.4
14387.1
14428
14461.3
14503.2
14534.2
14567
14608
14637
14679
14706.2
14747
14789.3
14830.6
14855.9
14895.6
14937.1
14984.5
15026.3
15067.9
15109.6
15139.2
15180.4
15221.6
15262.3
15303.8
15343.7
15384.4
15426.8
15467
15507.1
15547.1
15578.8
15609.4
15645.1
15685.6
15717.5
15757.4
15796.9
15839.3
15880.7
15920.4
15959.4
16001.3
16044.3
16075.7
16116.4
16154.5
16187.4
16227.2
16260.7
16300.7
16341.6
16377
16417.6
16459.1
16499.3
16539.7
16572.3
16610.8
16650.4
16691.5
16721.8
16762
16801.7
16841.2
16881.5
16922.5
16962.8
17001.8
17043.7
17083.6
17122.8
17157
17198.2
17239.6
17280
17319.4
17359.2
17399.4
17439.8
17475.3
17517
17557.4
17597.7
17639.3
17680.2
17720.7
17761.1
17801.8
17842.4
17882.3
17922.6
17963.5
18004.5
18044.1
18084.1
18124.3
18163.2
18203.8
18233.2
18266.1
18306.7
18337.3
18377.1
18418.6
18459.6
18500
18540.5
18582
18622.2
18664.2
18704.7
18745.8
18786.5
18825.8
18860.5
18897.8
18938.7
18978.4
19020.6
19060.6
19100.7
19142
19183.3
19221.8
19261.8
19302.2
19342.1
19382.4
19422.4
19462.7
19503.8
19542.8
19583.2
19624.7
19668.5
19709
19749.2
19786.9
19829.5
19870.4
19911.2
19952.2
19993.7
20034.3
20074.1
20111.8
20151.9
20192.5
20232.3
20271.6
20311.9
20352.9
20394.5
20433.4
20475.1
20515.2
20555.3
20596.2
20636.4
20674.4
20714.5
20749.9
20791.2
20833.7
20875.3
20916
20957.1
20997.7
21032.6
21074.3
21113.6
21151.2
21192.4
21223.6
21264.1
21303.5
21338.8
21378.8
21418.9
21460
21499.5
21541.5
21581.8
21629.8
21677.3
21716.4
21757.9
21798.2
21839.3
21875.2
21914.6
21955.8
21996.2
22036.7
22072.9
22114.1
22155.3
22195.8
22236.5
22277.8
22315.8
22353.5
22393
22432.6
22472.5
22500.5
22542.6
22574.8
22614.2
22651.1
22691.5
22728.2
22768.4
22809.3
22849.4
22889.5
22930.5
22972
23011.9
23052.4
23092.3
23134.5
23176.8
23217.4
23257.7
23297.6
23338.4
23379.3
23420.2
23460.8
23500.9
23542.2
23582.4
23624.2
23664.6
23704.6
23745.2
23785.9
23827.4
23868.5
23904.5
23945.7
23986.1
24020.1
24060.7
24100.6
24131.6
24171.7
24212.7
24253.6
24295.6
24335.8
24376.6
24403.2
24442.8
24483
24522.4
24554.5
24595.7
24635.3
24676.3
24714.8
24752.5
24796.1
24837.5
24871.6
24912.1
24953.2
24994
25031.3
25071.8
25102.8
25144.9
25185.8
25227.5
25264
25303.9
25335.2
25375.5
25415
25455.3
25495.4
25521
25560.9
25594.4
25636.2
25677.6
25718.9
25758.5
25788.1
25829.1
25868.9
25910.2
25950.5
25990.5
26016
26056.2
26095.1
26120.1
26160
26201.6
26241.5
26273.2
26314.1
26344
26386
26428
26467.3
26507.8
26541.1
26583.5
26622.4
26661.6
26703.5
26743.3
26783.7
26825.6
26867
26906.5
26947
26987.9
27029.5
27070.5
27111
27152.3
27186.7
27226.9
27269
27310.2
27350.5
27392.1
27432.4
27473.7
27515.2
27556
27596.7
27637.5
27677.2
27717
27756.8
27797.5
27838.2
27879.2
27918.2
27959.9
28000.9
28023.7
28045.8
28068.5
28091.5
28111.4
28141.7
28187.7
28228.8
28268.5
28309
28349.8
28390.3
28430.5
28471.8
28513
28553.5
28594.1
28627.2
28668
28710.5
28751.1
28790.6
28831.1
28871.6
28912.5
28954
28992.9
29032.2
29071.7
29101.2
29141.7
29183.7
29225.5
29266.3
29298.8
29339.7
29382.1
29412.3
29450.6
29491.2
29530.8
29573.3
29615.4
29645.7
29675.7
29706.6
29744.7
29783.9
29825.3
29866.8
29906.3
29946.7
29989
30028.5
30061.8
30102.6
30144
30184.9
30225.6
30268
30297.7
30339.4
30380
30415.1
30445.7
30486.3
30527.3
30567.7
30607.6
30648.9
30689.9
30717.1
30757.5
30797.3
30838.9
30879.3
30915
30955.7
30996.3
31037
31077.7
31117.9
31159.2
31200.6
31240.5
31281.5
31323.8
31364.1
31404.8
31447.1
31487.9
31528.5
31568.9
31610.8
31650.5
31690.6
31732.2
31774
31814.2
31855.2
31895.8
31935.2
31977.7
32019.4
32060.8
32103.3
32143.7
32185.4
32226.4
32268.2
32309.5
32338.1
32368.3
32409.6
32448.5
32490
32530
32571.9
32612
32652.7
32692.8
32734.2
32776
32804.6
32841
32881.6
32917.9
32959
32996.5
33036.4
33062.1
33102.7
33134.2
33174.5
33215.1
33255.3
33296.1
33324.6
33357
33396.8
33431.9
33472.3
33512.6
33553.1
33593.8
33635.3
33677.1
33719.4
33760
33801.2
33827.5
33856
33895.8
33935.8
33974
34013.8
34053.7
34093.4
34134.1
34170.3
34210.5
34251.4
34291.8
34333
34373.7
34414.1
34447
34474.2
34508.6
34550.8
34585.2
34625.9
34661
34692
34733.4
34773
34817.6
34857.4
34898.3
34939.8
34981.7
35021.6
35063.2
35103.1
35144.4
35171.6
35212.9
35242.7
35282.4
35311.8
35352.2
35393
35424.7
35466.5
35506.6
35549
35583.9
35624.8
35651.7
35692.6
35734.4
35775.5
35806.4
35843.6
35885.4
35926.9
35958.6
35998.5
36040.2
36080.8
36121.1
36162.3
36202.9
36243.1
36284.4
36315.6
36358.4
36399.5
36440.6
36482.3
36523.3
36549.7
36585.7
36609.7
36637.5
36678.1
36707.6
36736.3
36776.2
36802.3
36841.7
36873.1
36899.9
36930.3
36972.2
36997.4
37038.9
37077.6
37112.3
37154.4
37195.9
37236.9
37279.4
37307
37337.6
37377.8
37417.2
37447.5
37480.9
37508.2
37539.3
37580.9
37610.5
37643.1
37683.5
37710.9
37740.1
37776.3
37819.8
37854.1
37895.5
37936.8
37977
38005.3
38038.8
38079.5
38120.2
38161
38202.5
38235
38259.7
38301.1
38324.2
38363.8
38393.5
38433.9
38476.7
38504.3
38541.4
38582.6
38612.7
38653.6
38687.9
38728.2
38768.7
38794.7
38825.9
38867.5
38894.6
38935.8
38972.5
39015.3
39056.6
39097.7
39140
39180.4
39221.4
39251.3
39292
39333.3
39361.3
39390.9
39431.5
39469.7
39509.8
39544.1
39584.9
39615.8
39655.8
39685.8
39710.2
39747.2
39777.1
39807
39833.1
39859.7
39892.1
39932.6
39969
39999.8
40037.2
40061.1
40103.4
40144
40184.6
40225.4
40267.4
40309.4
40341.4
40367.6
40400
40440
40480.5
40512.3
40551.7
40581.4
40622.2
40651.9
40692.1
40723.8
40766.4
40796.2
40839.9
40882.5
40920.1
40960.8
40996.5
41029
41061.1
41101
41130
41157.9
41199.9
41229.8
41271.2
41311.5
41347.7
41388.6
41428.8
41469.8
41510
41550.6
41591.8
41628
41668.3
41701.7
41731.1
41768.3
41796.7
41839.8
41874.3
41901.4
41942.3
41982.6
42022.7
42063
42104.7
42147.3
42180.2
42222
42260.2
42300.9
42325.9
42362.1
42402.7
42434
42459.8
42501.5
42541.1
42577.6
42617.9
42659.5
42700.9
42741.4
42782.8
42824.3
42866.1
42903.1
42929.9
42971.8
42999.7
43032.3
43072.5
43113.8
43154.9
43196.6
43236
43275.7
43308.2
43340.5
43368.6
43403.9
43431.3
43465.5
43508.6
43549.8
43591.3
43632.4
43662.6
43703.1
43740.9
43781
43822.2
43848.3
43890.5
43932.3
43963.3
44004.7
44037.4
44077.5
44105.5
44138.7
44171.7
44211.8
44254
44283.5
44315.9
44356.9
44382
44422.8
44449.6
44490.9
44531.6
44561.7
44595.8
44636.1
44666.9
44702.6
44730.3
44770.7
44811.2
44837.3
44872.1
44913.3
44948.8
44985.5
45025.6
45064
45102.5
45134.4
45174.3
45216.3
45257.7
45298.5
45338.6
45370.3
45410.7
45452.3
45492.1
45534.3
45574.8
45615.4
45648.8
45676.8
45716.6
45747.7
45788.6
45820
45860.9
45887.3
45916.1
45945
45978.8
46019.7
46059.1
46088.8
46130.4
46161.6
46203.6
46231.1
46271.6
46302.1
46337.7
46374.2
46416.2
46456.1
46488.8
46526.6
46556.1
46597.4
46638.2
46679
46719.9
46750.5
46791.6
46831.8
46864.6
46893.1
46921.5
46951.7
46993.8
47035.5
47060.8
47080.4
47099.8
47126.7
47156.3
47185.6
47225.4
47251.3
47291.7
47334.3
47374.3
47408.8
47442.8
47470.5
47510.6
47536.2
47570.4
47599.4
47628.7
47663.7
47695.1
47736.6
47778
47819.5
47855.8
47897.7
47936.9
47979.6
48011.9
48050.5
48091.9
48124
48150.8
48191.2
48230.5
48264.6
48305.6
48345.8
48386.8
48415.9
48455.5
48490.9
48523.3
48563.5
48595.6
48635
48677.4
48706.8
48734.5
48769
48810.3
48844.7
48878.9
48920
48963.1
48995.1
49036.3
49076.6
49118.5
49154.6
49186.6
49227.1
49261.1
49291.4
49324.9
49351.3
49391.5
49432.1
49471.8
49514.8
49555.1
49583.2
49623.8
49653.3
49693
49733.9
49776
49818.2
49859.6
49899.6
49940.3
49973.6
50013.9
50056.8
50097.9
50136.7
50162.5
50197
50231.3
50271.6
50301.3
50334
50373.6
50414.6
50445.3
50474.4
50503.1
50544.5
50585.7
50621.4
50650.4
50690
50721
50755.8
50795.4
50826.6
50868.4
50907.2
50938.1
50963.3
50992.1
51026.3
51067.8
51101.2
51141.1
51174.2
51201.6
51242.8
51271.3
51302.5
51334.3
51378.1
51414.4
51445.2
51478.6
51506.2
51546.2
51574.3
51616.3
51648.6
51689.9
51719.2
51759.6
51787.5
51829.5
51869.1
51910.5
51942
51981.3
52023.3
52065.7
52098.9
52133.1
52172.5
52201.2
52242.9
52282.7
52313.9
52353.8
52394.8
52437.1
52475.2
52515.1
52545.1
52574.9
52601.8
52642.5
52671.8
52714.8
52753.1
52793.2
52832.9
52873.1
52914.3
52946.4
52989.7
53030.3
53070.8
53111.7
53153
53182.2
53214.7
53256.8
53304.9
53349.7
53383.2
53427.2
53469.7
53509.9
53539.5
53576.6
53616.4
53657.1
53690.6
53731.6
53766.1
53807.8
53847.1
53887.1
53928.3
53965.8
54007.7
54048.2
54088.5
54118.8
54145.6
54175.7
54217.1
54250.2
54291.7
54319.3
54346.4
54374.4
54403.4
54430.8
54471.8
54514.6
54538.9
54579.2
54616.7
54656.6
54697.1
54739.1
54780.8
54815.9
54857.5
54885.8
54912.7
54953.3
54986.9
55030.1
55071.6
55097.4
55127.6
55167.8
55208.2
55248.5
55288.6
55329.3
55366.4
55395.5
55427.4
55469.3
55510.8
55552.4
55593.1
55630
55672
55713.3
55753.8
55787.4
55828.8
55861.3
55902.7
55932.5
55974.2
56017.9
56050.5
56091.7
56133.3
56166.9
56209.5
56241.8
56280.4
56320.5
56361.4
56395
56421.7
56463
56503.7
56544.4
56585.7
56619.2
56660.6
56689.6
56724.7
56764.3
56805.8
56846.2
56887.2
56927.2
56967.9
57009.1
57049.2
57089.1
57131
57167.9
57204.9
57247.5
57279.9
57315.2
57356.8
57398.8
57439.5
57480.1
57521.4
57563.5
57597.1
57632.4
57673.7
57703.3
57745.4
57785.9
57823.7
57864.6
57890.4
57932.8
57974.1
58008.5
58037.1
58067.8
58108.1
58150.3
58181.1
58224.8
58260.3
58295.8
58319.4
58360.9
58387.2
58415.3
58445.4
58477
58517.3
58543.4
58584.2
58626.6
58652.9
58695.3
58728.8
58769.7
58796.3
58827.9
58854.2
58895.1
58934.5
58966
59007
59047.4
59089.1
59114.8
59147.4
59183.2
59218
59252.1
59284.8
59321.1
59360.7
59399.9
59426.7
59467.5
59498.1
59539.9
59588.4
59617.7
59659.7
59699.2
59742.2
59773.5
59802.6
59838.5
59866.6
59907.7
59949.7
59992.7
60033.7
60075.8
60103.3
60145.1
60185.5
60228.3
60269.5
60311.1
60352.9
60394
60435.7
60476.3
60519
60559.6
60590.3
60620.4
60662.8
60704.6
60746.8
60788.6
60830.6
60873.4
60910.3
60952.7
60995
61025.2
61066.5
61108.8
61149.7
61190.1
61231.7
61273.9
61316.2
61357.8
61400.2
61442.9
61485
61519.7
61556.5
61598.7
61639.8
61682.4
61723.1
61764.1
61800.1
61841.7
61878.9
61920.5
61962.7
62003.9
62046.3
62087.3
62128.1
62170.5
62199.6
62241.1
62282.6
62307.4
62348.6
62382.7
62424.1
62454.8
62497
62527.2
62569.1
62611.2
62644.3
62686.6
62727.6
62770.8
62812.3
62851.9
62878.4
62908
62942.2
62972.3
63015
63056.3
63092.9
63134.1
63163.6
63199.4
63240.6
63282.2
63324.1
63360.5
63401.7
63443.8
63481.6
63523.7
63565
63606.5
63647.3
63688.8
63730.4
63771.8
63812.1
63852.5
63894.9
63937.2
63967.7
64000
64041.6
64081.5
64122.5
64163.8
64203
64243.9
64285.1
64320.7
64362.1
64390.2
64423.6
64464.5
64507.8
64550.7
64591.3
64631.6
64672.4
64713.5
64755.3
64795.9
64837
64868.5
64909.5
64951.5
64991.8
65021.4
65062.2
65104.5
65145.5
65185.8
65227.3
65268.1
65302.3
65333.8
65369.2
65410.7
65452.3
65494.6
65535.2
65577.6
65616.6
65657.1
65698.7
65740.1
65781.4
65823
65865
65905.9
65947.7
65989
66031.4
66061.3
66098.5
66139.2
66175.2
66223.8
66270.2
66312.3
66354.3
66396.2
66437.1
66467
66508.2
66550.9
66592.9
66633.6
66675.8
66701.3
66741.7
66783.8
66824.7
66866
66905.9
66940.4
66981.6
67023.2
67064.9
67105.9
67146.8
67189.6
67230.6
67270.2
67313.1
67355.6
67397.9
67423.3
67451.4
67491.6
67532
67565.1
67607.1
67648.1
67689.5
67730.1
67772.4
67814.7
67846.6
67878.6
67921.3
67962.6
68003.3
68045.6
68087.1
68128.1
68168.2
68196.1
68224.6
68265.7
68297.6
68339.9
68379.8
68420.3
68448.3
68488.1
68530.4
68573.2
68614.9
68656.1
68696
68737.4
68779.9
68816.8
68843.8
68874.2
68916.6
68951.5
68992.5
69035.4
69076.6
69118.9
69160.4
69202
69243.8
69284.6
69312.6
69346.5
69389
69426.7
69467.6
69497.7
69540.1
69580.4
69611.9
69654.1
69696.4
69737.9
69768
69811.2
69852.9
69881.2
69922.6
69963.3
69991.4
70023.9
70066.1
70107.9
70150.2
70191.2
70233.3
70273.7
70316.4
70347.5
70387.2
70428.5
70470
70500.5
70541.6
70582.7
70624.1
70666.4
70706.7
70744.8
70786.9
70828.1
70870.5
70913.3
70954.7
70997
71029.7
71070.8
71112.4
71153.9
71194.8
71236.2
71266.3
71309.5
71345.1
71388.1
71413.2
71454.7
71492.1
71534.9
71570.8
71612.1
71653.8
71696.2
71737.5
71778.8
71820.5
71863
71904.1
71941.3
71984
72025.8
72068.1
72109.4
72153.3
72182
72223.2
72265.3
72300.1
72341.2
72383.1
72425.7
72467.3
72510.2
72544.5
72586
72628.3
72658.2
72700.6
72742.6
72786
72827.7
72869.9
72912.2
72954.9
72998.2
73040.4
73089.1
73136.2
73169.4
73212.4
73255.6
73284.9
73327.5
73371.2
73413.3
73444
73486.4
73528.5
73571.5
73606.5
73649.6
73692.8
73722.9
73765.3
73807.3
73836.6
73876
73919.4
73962.3
74004.3
74045.6
74089.5
74133.2
74177.1
74220
74263.8
74306.7
74350.5
74383.5
74420
74465.5
74506.4
74550.2
74593.7
74624.9
74669.9
74711.8
74745.8
74781.4
74824.4
74855.2
74897.7
74935
74964.6
75006
75036.2
75077.9
75121.9
75162.4
75205.4
75247.6
75283.2
75319.7
75351
75393.2
75422.8
75464.8
75508.9
75551
75593
75636.8
75679.2
75722
75765.1
75806.7
75850.7
75894.4
75937.3
75979.5
76007.4
76046
76080.5
76122.8
76158
76200.4
76231.5
76270.4
76312.4
76356.5
76399.6
76442.2
76481.1
76524.6
76568.2
76600.2
76638
76670
76713
76755.4
76796.3
76835.2
76878.6
76917.5
76960.8
76988.2
77031.4
77073.6
77110.1
77154.2
77197.1
77229.4
77256.9
77299.9
77342.6
77384.8
77428.7
77464.7
77495.3
77534.1
77572.4
77614.8
77651.9
77684.9
77717.3
77760.1
77803.3
77832.9
77871.7
77912.8
77954.9
77997.6
78039.5
78082.2
78111.7
78143.4
78186.4
78230.9
78265.7
78299.1
78341.4
78384.7
78428.7
78471.6
78509.2
78553
78595.4
78638.1
78681
78723.6
78765.9
78809.2
78839.1
78879.2
78922.1
78964.8
79002.6
79032.6
79069.4
79099.2
79142.8
79186
79229.3
79271.7
79314.7
79356.8
79386.1
79429.2
79472.6
79514.8
79544.6
79586.5
79616.6
79659.1
79703.2
79745.6
79788
79821.2
79864.1
79907.6
79958.6
80005.5
80043.6
80085.8
80127.7
80169.7
80210.9
80253.7
80296.1
80338.7
80383.1
80417.8
80448.5
80491.5
80533.7
80577.3
80620.3
80662.9
80704.8
80747.5
80790.4
80820.8
80863.1
80906.2
80949.6
80992.8
81035.5
81077.9
81120.6
81163.3
81206.1
81249.2
81291.5
81335
81376.9
81412.6
81454.5
81492.8
81535
81577.9
81621.6
81663.7
81706.6
81749.5
81792.1
81834.2
81875.4
81917.8
81954.9
81996.1
82037.8
82072.7
82114.9
82155.7
82198.5
82241
82283.2
82324.8
82367.5
82410
82452.7
82495.2
82537.4
82580.1
82621.6
82663.9
82706.9
82748.9
82790.5
82833
82875.5
82918.1
82960.1
83001.8
83044.4
83087.5
83132
83174.1
83217.1
83261
83301.8
83343.9
83385.3
83426.8
83468.8
83512.1
83554.6
83597.7
83640
83682.8
83725.1
83767.7
83809.9
83850.9
83892.6
83935.1
83977.4
84019.6
84061.7
84103.5
84145.7
84186.5
84227.6
84269
84310.4
84353.6
84396.2
84436.7
84479.1
84520.9
84563
84606.5
84647.7
84689.5
84730.9
84772.1
84814
84855.4
84896.3
84938.1
84981.7
85023.4
85063.6
85105.7
85146.8
85188.2
85228.4
85269.5
85309.9
85351.5
85393
85434
85475.5
85516.4
85557.5
85598.6
85640.5
85682.3
85723.2
85764.3
85806.1
85847.1
85889.3
85931.4
85972
86012.7
86053.7
86095.1
86136.7
86177
86217.1
86258.5
86299.3
86341.1
86382.3
86422.6
86463.8
86504.8
86545.7
86586.7
86626.9
86667
86707.2
86747.6
86788.6
86829.5
86871.6
86912.6
86953.6
86996.1
87036.7
87076.6
87118.3
87160.6
87201.9
87243
87290.9
87336.2
87377.5
87417.9
87458.7
87499.7
87540.6
87580.6
87620.7
87661.6
87702.7
87744.1
87785.3
87826.2
87869
87909.4
87951.2
87992.2
88033.7
88074.8
88115.1
88155.9
88196.7
88237.9
88279.1
88319.9
88360.5
88401.3
88442.4
88482.6
88523.8
88564.8
88606.8
88647.4
88687
88727.8
88769
88810.5
88851.4
88893
88934.2
88975.2
89015.2
89057.1
89097.8
89138.2
89179.7
89221.8
89263.1
89304.7
89346.3
89388.6
89429.1
89470.3
89511.3
89552.3
89593.5
89634.1
89676.8
89718
89759.2
89800
89841.1
89881.5
89922.9
89963.5
90005.3
90046.3
90086.4
90127.8
90169.1
90210.5
90252.4
90293.8
90336.7
90378.2
90419.1
90460.5
90501.1
90541.7
90583.3
90624.5
90665.2
90706.2
90747.9
90789.2
90830
90872.2
90914.3
90956.2
90997.4
91038.1
91078.7
91121.3
91161.9
91202.8
91243.6
91285
91326.9
91369.3
91411.1
91452.2
91489.8
91531.5
91572.9
91615.2
91656.8
91697.9
91739
91781.3
91822.9
91864.2
91907.6
91948.5
91989.9
92032.1
92073.2
92115
92156.6
92198.9
92240.5
92282.4
92324
92366.8
92408.8
92450.9
92493.6
92533.6
92576.2
92618.2
92659.9
92700.7
92743.4
92785.1
92826.3
92869.2
92911.7
92953.4
92985.9
93027.8
93069.7
93110.9
93152.5
93193.9
93236.6
93278.4
93319.7
93361.9
93404.2
93447.5
93491
93532.6
93575.3
93616
93657.9
93699.5
93741.6
93782.2
93823.4
93866.5
93908.1
93950.5
93992.5
94036.2
94078.8
94121.4
94163.6
94206.6
94249.7
94291.7
94333.2
94375.7
94418
94451.7
94494.2
94535.7
94577.6
94619.5
94660.9
94702.1
94744.5
94793.9
94840.4
94870.5
94912.7
94955.4
94997.3
95034.4
95076.1
95117.8
95159.2
95201.3
95244.1
95286.5
95328.5
95370.8
95413.6
95457.1
95499.3
95541.2
95581.4
95623.6
95665
95706.3
95749.1
95791.4
95833.2
95875.2
95917.2
95960.1
96001.5
96036.3
96079.4
96123
96164.2
96206.6
96248.6
96287
96329.4
96371.1
96406.5
96433.9
96475.9
96510.5
96553.1
96591.8
96617.4
96660.4
96703.3
96747.9
96791.2
96834.7
96878.1
96908.8
96940.5
96985.6
97027.2
97070.1
97113.4
97155.2
97197.6
97233.4
97275.3
97316.9
97357.5
97390
97432.4
97475.4
97512.4
97555
97597.4
97639.7
97682.6
97723.6
97766.4
97807.5
97849.3
97893.1
97933.3
97976.3
98018.7
98061.4
98098.4
98141.3
98183
98223.9
98266.6
98307.8
98351
98397
98440.4
98483.6
98525.1
98568.1
98609.8
98651.3
98693.4
98737.5
98779.4
98821.2
98864.1
98907.8
98943.5
98984.6
99027.9
99072.8
99113.6
99157.8
99197.8
99239.5
99274.7
99317.6
99360.1
99403.3
99444.4
99485.6
99527.6
99568.4
99609.3
99651.5
99692.1
99733.6
99775.1
99815.7
99856.2
99898.1
99938.2
99978.9
100020
100061
100102
100141
100183
100225
100267
100307
100349
100380
100422
100462
100503
100545
100587
100628
100668
100709
100749
100789
100830
100873
100915
100956
100996
101038
101077
101118
101158
101200
101240
101282
101322
101363
101405
101445
101486
101528
101569
101609
101651
101693
101735
101776
101817
101857
101898
101937
101958
101981
102012
102049
102087
102129
102170
102210
102251
102292
102325
102366
102407
102447
102489
102529
102570
102611
102652
102693
102734
102775
102817
102857
102898
102939
102979
103020
103063
103103
103143
103184
103225
103254
103295
103335
103376
103416
103456
103496
103536
103577
103618
103660
103700
103741
103782
103822
103862
103903
103944
103983
104023
104063
104103
104143
104184
104223
104262
104304
104344
104384
104424
104465
104504
104544
104585
104624
104665
104705
104744
104785
104824
104864
104905
104945
104985
105025
105068
105108
105148
105190
105230
105271
105312
105353
105393
105433
105473
105513
105554
105594
105634
105675
105714
105753
105793
105832
105872
105911
105951
105992
106032
106071
106111
106150
106190
106230
106270
106309
106348
106388
106428
106468
106507
106547
106588
106627
106667
106707
106747
106788
106828
106867
106906
106947
106987
107027
107068
107108
107147
107188
107229
107268
107309
107349
107389
107429
107469
107508
107547
107587
107627
107667
107707
107746
107786
107826
107867
107909
107949
107988
108028
108067
108107
108146
108186
108227
108267
108306
108347
108387
108427
108468
108508
108547
108587
108628
108667
108709
108751
108791
108832
108875
108915
108952
108992
109032
109075
109116
109156
109198
109238
109286
109332
109373
109413
109454
109494
109534
109574
109614
109655
109696
109736
109777
109818
109859
109900
109940
109981
110021
110060
110100
110141
110182
110222
110263
110305
110346
110386
110426
110465
110506
110547
110588
110629
110668
110710
110749
110790
110830
110870
110911
110951
110991
111031
111071
111111
111152
111193
111235
111274
111316
111356
111397
111437
111479
111520
111560
111601
111642
111683
111723
111764
111804
111836
111877
111919
111960
112000
112041
112082
112124
112165
112206
112245
112288
112329
112371
112412
112453
112494
112535
112576
112617
112658
112699
112741
112783
112824
112866
112906
112948
112990
113031
113073
113113
113154
113196
113236
113277
113319
113360
113401
113442
113483
113525
113566
113608
113650
113692
113732
113773
113814
113856
113898
113940
113983
114024
114066
114107
114149
114191
114232
114274
114315
114349
114390
114431
114472
114507
114549
114591
114633
114674
114715
114757
114800
114840
114881
114923
114965
115007
115049
115090
115132
115174
115217
115258
115296
115338
115380
115421
115462
115505
115543
115586
115629
115670
115711
115742
115782
115821
115862
115904
115947
115976
116018
116060
116104
116148
116189
116233
116274
116316
116359
116390
116431
116474
116510
116538
116566
116607
116634
116672
116716
116765
116812
116855
116896
116939
116979
117022
117057
117088
117130
117172
117212
117254
117296
117339
117382
117422
117465
117506
117545
117587
117630
117672
117715
117757
117801
117842
117884
117914
117956
117998
118040
118071
118113
118147
118189
118231
118273
118315
118358
118400
118442
118485
118527
118568
118603
118644
118686
118727
118769
118810
118853
118895
118937
118978
119019
119060
119102
119144
119184
119226
119269
119310
119351
119393
119435
119476
119516
119558
119594
119634
119676
119720
119759
119801
119844
119885
119927
119966
120006
120045
120086
120129
120172
120214
120257
120299
120335
120377
120418
120458
120499
120540
120582
120624
120666
120707
120747
120787
120827
120869
120910
120953
120992
121032
121073
121113
121156
121196
121237
121277
121319
121358
121398
121440
121481
121520
121560
121602
121644
121685
121725
121766
121807
121847
121887
121927
121967
122007
122047
122087
122127
122168
122210
122249
122292
122333
122374
122415
122455
122495
122534
122576
122618
122658
122698
122739
122779
122819
122860
122899
122940
122980
123021
123062
123104
123143
123184
123224
123266
123308
123342
123383
123425
123467
123506
123548
123589
123629
123669
123710
123752
123792
123832
123873
123913
123938
123961
124007
124038
124076
124118
124161
124201
124242
124268
124309
124337
124379
124421
124464
124508
124550
124591
124632
124673
124714
124756
124796
124826
124868
124908
124950
124991
125031
125071
125112
125153
125193
125234
125274
125315
125356
125396
125440
125481
125522
125563
125604
125645
125687
125729
125769
125812
125854
125893
125920
125945
125967
126007
126038
126080
126124
126148
126187
126227
126257
126299
126339
126381
126423
126445
126477
126520
126563
126587
126628
126669
126711
126738
126772
126813
126854
126895
126936
126978
127010
127052
127085
127126
127168
127195
127236
127279
127320
127350
127375
127416
127449
127490
127534
127576
127620
127661
127702
127747
127785
127830
127872
127903
127946
127988
128022
128066
128107
128151
128192
128235
128276
128317
128357
128398
128441
128482
128524
128565
128607
128640
128680
128721
128762
128803
128845
128886
128927
128967
129009
129049
129091
129132
129173
129214
129256
129297
129337
129378
129419
129460
129499
129540
129581
129623
129664
129705
129746
129786
129828
129868
129909
129950
129991
130031
130071
130112
130152
130194
130236
130276
130318
130359
130400
130441
130482
130523
130565
130606
130648
130690
130733
130775
130815
130856
130897
130938
130979
131021
131062
131105
131145
131187
131230
131272
131313
131355
131396
131438
131479
131521
131563
131606
131650
131691
131734
131776
131818
131859
131902
131944
131985
132027
132068
132116
132162
132203
132245
132286
132328
132369
132412
132454
132494
132536
132577
132619
132663
132704
132746
132787
132828
132869
132911
132953
132995
133036
133078
133119
133161
133202
133244
133285
133326
133368
133409
133450
133492
133534
133576
133618
133660
133702
133744
133786
133827
133869
133911
133952
133993
134035
134076
134118
134159
134200
134242
134283
134325
134367
134409
134450
134492
134535
134576
134618
134660
134701
134743
134785
134818
134859
134901
134943
134984
135026
135068
135109
135151
135192
135234
135276
135318
135359
135400
135442
135483
135525
135566
135608
135649
135691
135734
135776
135818
135860
135902
135945
135987
136028
136071
136113
136157
136198
136239
136282
136324
136366
136408
136449
136491
136534
136572
136613
136655
136696
136738
136774
136816
136857
136899
136941
136986
137027
137070
137112
137155
137196
137238
137283
137326
137368
137409
137452
137491
137534
137565
137600
137642
137686
137727
137769
137809
137854
137895
137936
137977
138019
138061
138103
138145
138178
138220
138257
138298
138339
138382
138423
138467
138509
138548
138590
138632
138666
138708
138751
138792
138834
138876
138917
138948
138990
139031
139073
139115
139158
139201
139243
139279
139321
139363
139403
139446
139487
139529
139572
139616
139659
139709
139756
139799
139840
139882
139925
139958
140001
140037
140080
140121
140165
140208
140250
140290
140333
140375
140417
140459
140502
140541
140583
140626
140669
140710
140749
140790
140831
140875
140916
140954
140998
141040
141081
141123
141160
141204
141246
141288
141330
141373
141416
141458
141500
141543
141586
141629
141670
141714
141757
141800
141844
141887
141932
141967
141999
142041
142069
142101
142135
142173
142216
142257
142299
142342
142385
142426
142470
142512
142554
142596
142639
142680
142723
142759
142801
142843
142886
142928
142971
143014
143056
143099
143143
143186
143229
143273
143316
143358
143400
143443
143485
143527
143570
143611
143653
143695
143738
143781
143822
143864
143906
143947
143991
144032
144074
144115
144157
144199
144242
144284
144325
144367
144410
144451
144492
144533
144574
144616
144659
144701
144743
144784
144826
144868
144910
144951
144992
145033
145074
145116
145159
145201
145243
145285
145328
145370
145412
145454
145495
145538
145580
145623
145664
145706
145748
145789
145832
145873
145914
145957
145999
146040
146082
146125
146167
146210
146251
146292
146335
146378
146419
146461
146503
146544
146585
146625
146668
146710
146753
146796
146840
146882
146925
146967
147009
147052
147094
147135
147177
147227
147273
147314
147355
147397
147438
147481
147522
147563
147605
147647
147688
147729
147770
147810
147851
147893
147935
147977
148018
148059
148100
148142
148182
148224
148265
148305
148347
148388
148429
148471
148512
148553
148595
148636
148678
148719
148761
148802
148842
148882
148923
148964
149006
149047
149090
149131
149173
149214
149255
149295
149337
149379
149420
149462
149504
149546
149587
149629
149671
149712
149753
149795
149836
149879
149920
149961
150001
150042
150084
150125
150167
150209
150250
150292
150333
150373
150415
150456
150496
150538
150580
150621
150662
150704
150745
150787
150829
150871
150911
150952
150995
151036
151077
151119
151160
151203
151246
151287
151329
151371
151412
151454
151495
151537
151579
151621
151663
151704
151745
151787
151829
151871
151914
151956
151998
152040
152081
152124
152165
152207
152250
152292
152335
152378
152422
152465
152506
152548
152590
152632
152675
152717
152758
152800
152843
152886
152929
152972
153015
153058
153100
153143
153185
153228
153271
153314
153356
153400
153443
153485
153528
153571
153614
153657
153701
153745
153787
153830
153873
153915
153959
154001
154045
154087
154131
154175
154219
154262
154306
154350
154392
154436
154479
154523
154566
154609
154651
154694
154738
154782
154820
154864
154907
154951
154994
155037
155081
155124
155173
155222
155266
155309
155351
155391
155434
155477
155520
155562
155604
155647
155690
155732
155775
155818
155861
155904
155947
155990
156032
156075
156118
156160
156204
156248
156292
156335
156378
156420
156464
156508
156551
156593
156636
156679
156722
156764
156807
156849
156893
156934
156978
157022
157065
157108
157151
157194
157237
157279
157322
157366
157409
157452
157494
157537
157581
157623
157667
157710
157752
157794
157833
157877
157921
157965
158010
158054
158097
158141
158184
158227
158270
158314
158357
158401
158443
158486
158529
158573
