/*--------------------------------*- C++ -*----------------------------------*\
  =========                 |
  \\      /  F ield         | OpenFOAM: The Open Source CFD Toolbox
   \\    /   O peration     |
    \\  /    A nd           | Web:      www.OpenFOAM.org
     \\/     M anipulation  |
-------------------------------------------------------------------------------
Description
    Writes out values of fields from cells nearest to specified locations.

\*---------------------------------------------------------------------------*/

type            probes;
libs            ("libsampling.so");

writeControl    timeStep;
writeInterval   1;

fields (p U);


probeLocations

(

(0.24           0           0)
(0.24           0   0.0003808)
(0.24           0   0.0007616)
(0.24           0   0.0011424)
(0.24           0   0.0015232)
(0.24           0    0.001904)
(0.24           0   0.0022848)
(0.24           0   0.0026656)
(0.24           0   0.0030464)
(0.24           0   0.0034272)
(0.24           0    0.003808)
(0.24           0   0.0041888)
(0.24           0   0.0045696)
(0.24           0   0.0049504)
(0.24           0   0.0053312)
(0.24           0    0.005712)
(0.24           0   0.0060928)
(0.24           0   0.0064736)
(0.24           0   0.0068544)
(0.24           0   0.0072352)
(0.24           0    0.007616)
(0.24           0   0.0079968)
(0.24           0   0.0083776)
(0.24           0   0.0087584)
(0.24           0   0.0091392)
(0.24           0     0.00952)
(0.24           0   0.0099008)
(0.24           0    0.010282)
(0.24           0    0.010662)
(0.24           0    0.011043)
(0.24           0    0.011424)
(0.24           0    0.011805)
(0.24           0    0.012186)
(0.24           0    0.012566)
(0.24           0    0.012947)
(0.24           0    0.013328)
(0.24           0    0.013709)
(0.24           0     0.01409)
(0.24           0     0.01447)
(0.24           0    0.014851)
(0.24           0    0.015232)
(0.24           0    0.015613)
(0.24           0    0.015994)
(0.24           0    0.016374)
(0.24           0    0.016755)
(0.24           0    0.017136)
(0.24           0    0.017517)
(0.24           0    0.017898)
(0.24           0    0.018278)
(0.24           0    0.018659)
(0.24           0     0.01904)
(0.24           0    0.019421)
(0.24           0    0.019802)
(0.24           0    0.020182)
(0.24           0    0.020563)
(0.24           0    0.020944)
(0.24           0    0.021325)
(0.24           0    0.021706)
(0.24           0    0.022086)
(0.24           0    0.022467)
(0.24           0    0.022848)
(0.24           0    0.023229)
(0.24           0     0.02361)
(0.24           0     0.02399)
(0.24           0    0.024371)
(0.24           0    0.024752)
(0.24           0    0.025133)
(0.24           0    0.025514)
(0.24           0    0.025894)
(0.24           0    0.026275)
(0.24           0    0.026656)
(0.24           0    0.027037)
(0.24           0    0.027418)
(0.24           0    0.027798)
(0.24           0    0.028179)
(0.24           0     0.02856)
(0.24           0    0.028941)
(0.24           0    0.029322)
(0.24           0    0.029702)
(0.24           0    0.030083)
(0.24           0    0.030464)
(0.24           0    0.030845)
(0.24           0    0.031226)
(0.24           0    0.031606)
(0.24           0    0.031987)
(0.24           0    0.032368)
(0.24           0    0.032749)
(0.24           0     0.03313)
(0.24           0     0.03351)
(0.24           0    0.033891)
(0.24           0    0.034272)
(0.24           0    0.034653)
(0.24           0    0.035034)
(0.24           0    0.035414)
(0.24           0    0.035795)
(0.24           0    0.036176)
(0.24           0    0.036557)
(0.24           0    0.036938)
(0.24           0    0.037318)
(0.24           0    0.037699)


);





// ************************************************************************* //
