/*--------------------------------*- C++ -*----------------------------------*\
  =========                 |
  \\      /  F ield         | OpenFOAM: The Open Source CFD Toolbox
   \\    /   O peration     |
    \\  /    A nd           | Web:      www.OpenFOAM.org
     \\/     M anipulation  |
-------------------------------------------------------------------------------
Description
    Writes out values of fields from cells nearest to specified locations.

\*---------------------------------------------------------------------------*/

type            probes;
libs            ("libsampling.so");

writeControl    timeStep;
writeInterval   1;

fields (U);


probeLocations

(

(0.03696      -0.048    0.037699)
(0.03696   -0.046041    0.037699)
(0.03696   -0.044082    0.037699)
(0.03696   -0.042122    0.037699)
(0.03696   -0.040163    0.037699)
(0.03696   -0.038204    0.037699)
(0.03696   -0.036245    0.037699)
(0.03696   -0.034286    0.037699)
(0.03696   -0.032327    0.037699)
(0.03696   -0.030367    0.037699)
(0.03696   -0.028408    0.037699)
(0.03696   -0.026449    0.037699)
(0.03696    -0.02449    0.037699)
(0.03696   -0.022531    0.037699)
(0.03696   -0.020571    0.037699)
(0.03696   -0.018612    0.037699)
(0.03696   -0.016653    0.037699)
(0.03696   -0.014694    0.037699)
(0.03696   -0.012735    0.037699)
(0.03696   -0.010776    0.037699)
(0.03696  -0.0088163    0.037699)
(0.03696  -0.0068571    0.037699)
(0.03696   -0.004898    0.037699)
(0.03696  -0.0029388    0.037699)
(0.03696 -0.00097959    0.037699)
(0.03696  0.00097959    0.037699)
(0.03696   0.0029388    0.037699)
(0.03696    0.004898    0.037699)
(0.03696   0.0068571    0.037699)
(0.03696   0.0088163    0.037699)
(0.03696    0.010776    0.037699)
(0.03696    0.012735    0.037699)
(0.03696    0.014694    0.037699)
(0.03696    0.016653    0.037699)
(0.03696    0.018612    0.037699)
(0.03696    0.020571    0.037699)
(0.03696    0.022531    0.037699)
(0.03696     0.02449    0.037699)
(0.03696    0.026449    0.037699)
(0.03696    0.028408    0.037699)
(0.03696    0.030367    0.037699)
(0.03696    0.032327    0.037699)
(0.03696    0.034286    0.037699)
(0.03696    0.036245    0.037699)
(0.03696    0.038204    0.037699)
(0.03696    0.040163    0.037699)
(0.03696    0.042122    0.037699)
(0.03696    0.044082    0.037699)
(0.03696    0.046041    0.037699)
(0.03696       0.048    0.037699)

);



// ************************************************************************* //
