/*--------------------------------*- C++ -*----------------------------------*\
  =========                 |
  \\      /  F ield         | OpenFOAM: The Open Source CFD Toolbox
   \\    /   O peration     |
    \\  /    A nd           | Web:      www.OpenFOAM.org
     \\/     M anipulation  |
-------------------------------------------------------------------------------
Description
    Writes out values of fields from cells nearest to specified locations.

\*---------------------------------------------------------------------------*/

//    STREAMWISE PROBES

type            probes;
libs            ("libsampling.so");

writeControl    timeStep;
writeInterval   1;

fields (U);


probeLocations

(

(0.012           0    0.037699)
(0.012097           0    0.037699)
(0.012198           0    0.037699)
(0.012304           0    0.037699)
(0.012416           0    0.037699)
(0.012534           0    0.037699)
(0.012657           0    0.037699)
(0.012786           0    0.037699)
(0.012922           0    0.037699)
(0.013065           0    0.037699)
(0.013215           0    0.037699)
(0.013372           0    0.037699)
(0.013537           0    0.037699)
(0.013711           0    0.037699)
(0.013893           0    0.037699)
(0.014084           0    0.037699)
(0.014285           0    0.037699)
(0.014496           0    0.037699)
(0.014717           0    0.037699)
(0.01495           0    0.037699)
(0.015194           0    0.037699)
(0.01545           0    0.037699)
(0.015719           0    0.037699)
(0.016002           0    0.037699)
(0.016298           0    0.037699)
(0.01661           0    0.037699)
(0.016937           0    0.037699)
(0.01728           0    0.037699)
(0.017641           0    0.037699)
(0.01802           0    0.037699)
(0.018417           0    0.037699)
(0.018835           0    0.037699)
(0.019273           0    0.037699)
(0.019733           0    0.037699)
(0.020216           0    0.037699)
(0.020724           0    0.037699)
(0.021257           0    0.037699)
(0.021816           0    0.037699)
(0.022403           0    0.037699)
(0.02302           0    0.037699)
(0.023668           0    0.037699)
(0.024348           0    0.037699)
(0.025062           0    0.037699)
(0.025811           0    0.037699)
(0.026599           0    0.037699)
(0.027425           0    0.037699)
(0.028293           0    0.037699)
(0.029204           0    0.037699)
(0.030161           0    0.037699)
(0.031166           0    0.037699)
(0.03222           0    0.037699)
(0.033328           0    0.037699)
(0.034491           0    0.037699)
(0.035712           0    0.037699)
(0.036994           0    0.037699)
(0.038341           0    0.037699)
(0.039754           0    0.037699)
(0.041239           0    0.037699)
(0.042797           0    0.037699)
(0.044434           0    0.037699)
(0.046152           0    0.037699)
(0.047956           0    0.037699)
(0.04985           0    0.037699)
(0.05184           0    0.037699)
(0.053928           0    0.037699)
(0.056121           0    0.037699)
(0.058424           0    0.037699)
(0.060842           0    0.037699)
(0.06338           0    0.037699)
(0.066046           0    0.037699)
(0.068845           0    0.037699)
(0.071783           0    0.037699)
(0.074869           0    0.037699)
(0.078109           0    0.037699)
(0.081511           0    0.037699)
(0.085084           0    0.037699)
(0.088834           0    0.037699)
(0.092773           0    0.037699)
(0.096908           0    0.037699)
(0.10125           0    0.037699)
(0.10581           0    0.037699)
(0.1106           0    0.037699)
(0.11562           0    0.037699)
(0.1209           0    0.037699)
(0.12644           0    0.037699)
(0.13226           0    0.037699)
(0.13837           0    0.037699)
(0.14478           0    0.037699)
(0.15152           0    0.037699)
(0.15859           0    0.037699)
(0.16602           0    0.037699)
(0.17382           0    0.037699)
(0.182           0    0.037699)
(0.1906           0    0.037699)
(0.19963           0    0.037699)
(0.20911           0    0.037699)
(0.21906           0    0.037699)
(0.22951           0    0.037699)
(0.24048           0    0.037699)
(0.252           0    0.037699)


);



// ************************************************************************* //
